Using device: cpu
Using KNN model: True
Running profiling: False
100 21 1565 [97, 112, 45, 225] 2368.5244283676147 0.5 False
200 21 2819 [153, 151, 34, 61] 622.1454291641712 0.5 False
300 21 4387 [235, 210, 23, 73] 1726.8607168197632 0.5 False
400 21 4669 [262, 183, 25, 51] 1692.238911986351 0.5 False
[0.0, 1.66, -1.0, 0.0, -5.0, 5.0, 15.0, 2.45]
100 21 7877 [432, 314, 21, 68] 3017.415052652359 0.1 False
200 21 9083 [519, 284, 18, 32] 3459.6550533771515 0.1 False
300 21 8780 [494, 292, 11, 35] 4207.809270858765 0.1 False
400 21 8838 [501, 292, 20, 37] 4447.82813501358 0.1 False
500 21 9509 [529, 334, 16, 16] 4949.5039801597595 0.1 False
600 21 8535 [475, 299, 12, 25] 4809.070113658905 0.1 False
700 21 8163 [459, 281, 16, 47] 5093.8726716041565 0.1 False
800 21 8735 [494, 283, 12, 30] 5085.19490480423 0.1 False
900 21 8957 [502, 308, 21, 8] 5949.045023441315 0.1 False
[0.0, 1.66, -1.0, 0.0, -5.0, 5.0, 15.0, 2.45]
100 21 9206 [499, 360, 15, 4] 5322.78005695343 0.0 False
200 21 9429 [534, 307, 14, 46] 5940.943289279938 0.0 False
300 21 9288 [511, 341, 15, 7] 6354.652572631836 0.0 False
400 21 9900 [551, 339, 12, 0] 6259.9245619773865 0.0 False
500 21 10353 [567, 379, 6, 17] 6878.478714942932 0.0 False
600 21 10249 [575, 339, 13, 6] 6803.395018577576 0.0 False
700 21 10270 [572, 353, 14, 5] 6927.60574054718 0.0 False
800 21 9666 [549, 305, 15, 19] 7235.021105766296 0.0 False
900 21 9771 [539, 356, 17, 9] 7184.435989379883 0.0 False
[0.0, 1.66, -1.0, 0.0, -5.0, 5.0, 15.0, 2.45]
100 21 9957 [551, 370, 27, 23] 6974.469003677368 0.0 True
200 21 9794 [539, 356, 13, 6] 6877.398770332336 0.0 True
300 21 10099 [542, 407, 13, 1] 7000.939552307129 0.0 True
400 21 9821 [539, 365, 12, 29] 7036.480285644531 0.0 True
500 21 9507 [510, 384, 9, 18] 7215.692768096924 0.0 True
600 21 9749 [531, 369, 11, 6] 7033.31568813324 0.0 True
700 21 9815 [537, 362, 9, 5] 6765.789323806763 0.0 True
800 21 9921 [540, 379, 12, 14] 7261.896096229553 0.0 True
900 21 9644 [515, 407, 18, 26] 7290.331411361694 0.0 True
[-0.01, 4.2, -0.09, -0.09, 5.0, 15.0, -5.2, -1.38]
