cpu
0 101 -89 1 161.40289741754532 0.98 8
0 101 -84 1 172.4230613708496 0.98999 8
100 101 -10485 45 6264.957741379738 0.9889900000000046 8
200 101 -10337 48 3547.135331630707 0.9879900000000091 8
300 101 -10226 53 2493.176004394889 0.9869900000000137 8
400 101 -10489 48 2149.154027044773 0.9859900000000182 8
500 101 -10244 54 1869.66696703434 0.9849900000000228 8
600 101 -10444 46 2393.036157220602 0.9839900000000273 8
700 101 -10556 43 1901.8503810167313 0.9829900000000319 8
800 101 -10327 53 1429.922200679779 0.9819900000000364 8
900 101 -10089 62 920.8544234633446 0.980990000000041 8
1000 101 -10249 58 1814.224021434784 0.9799900000000455 8
1100 101 -10119 58 1947.808492898941 0.9789900000000501 8
1200 101 -10131 57 1617.5567799955606 0.9779900000000546 8
1300 101 -10277 55 1567.5448325276375 0.9769900000000592 8
1400 101 -10079 59 1531.7232554107904 0.9759900000000638 8
1500 101 -10324 53 1622.973726823926 0.9749900000000683 8
1600 101 -10340 52 2377.109089434147 0.9739900000000729 8
1700 101 -10049 60 2190.4032251238823 0.9729900000000774 8
1800 101 -10094 61 2448.5242363214493 0.971990000000082 8
1900 101 -10106 56 2060.863347530365 0.9709900000000865 8
2000 101 -10105 60 1864.415988266468 0.9699900000000911 8
2100 101 -9710 72 2739.6839030981064 0.9689900000000956 8
2200 101 -9859 65 2265.5159755945206 0.9679900000001002 8
2300 101 -10016 61 2094.698155403137 0.9669900000001047 8
2400 101 -10178 53 1795.8915728926659 0.9659900000001093 8
2500 101 -9567 78 1832.514962732792 0.9649900000001138 8
2600 101 -10110 57 3089.456281542778 0.9639900000001184 8
2700 101 -9661 70 2842.790618300438 0.9629900000001229 8
2800 101 -9831 67 2473.1270911693573 0.9619900000001275 8
2900 101 -9541 75 2467.5273784399033 0.960990000000132 8
3000 101 -9706 69 2214.073942899704 0.9599900000001366 8
3100 101 -9696 70 3234.0470912456512 0.9589900000001411 8
3200 101 -9659 72 3016.426071166992 0.9579900000001457 8
3300 101 -9795 68 2765.0418971776962 0.9569900000001502 8
3400 101 -9661 70 2832.708655357361 0.9559900000001548 8
3500 101 -9400 81 2692.245342373848 0.9549900000001593 8
3600 101 -9635 70 4112.416626214981 0.9539900000001639 8
3700 101 -10247 49 3530.90065073967 0.9529900000001684 8
3800 101 -9471 82 3702.8198511600494 0.951990000000173 8
3900 101 -9300 83 3684.9722974300385 0.9509900000001775 8
4000 101 -9339 83 4159.889352798462 0.9499900000001821 8
4100 101 -9541 74 3448.656849384308 0.9489900000001866 8
4200 101 -9581 75 3490.806085586548 0.9479900000001912 8
4300 101 -9426 77 2971.103947043419 0.9469900000001957 8
4400 101 -9530 75 3205.277127981186 0.9459900000002003 8
4500 101 -9452 80 3326.415574193001 0.9449900000002048 8
4600 101 -9627 68 2476.5826951265335 0.9439900000002094 8
4700 101 -8980 93 2848.813913345337 0.9429900000002139 8
4800 101 -9519 74 2549.5361062288284 0.9419900000002185 8
4900 101 -9344 81 2754.6614471673965 0.940990000000223 8
5000 101 -9651 69 2628.668611049652 0.9399900000002276 8
5100 101 -9483 78 3052.2006027698517 0.9389900000002321 8
5200 101 -9260 85 3310.0282452106476 0.9379900000002367 8
5300 101 -9302 80 3315.868574142456 0.9369900000002412 8
5400 101 -9447 79 2984.7749947309494 0.9359900000002458 8
5500 101 -9689 68 3117.280461192131 0.9349900000002503 8
5600 101 -9215 86 3937.5386476516724 0.9339900000002549 8
5700 101 -9179 87 3942.500139951706 0.9329900000002594 8
5800 101 -9091 88 3638.911523580551 0.931990000000264 8
5900 101 -9288 81 4011.9749977588654 0.9309900000002685 8
6000 101 -9066 92 3703.721446990967 0.9299900000002731 8
6100 101 -8936 89 3465.7446463108063 0.9289900000002776 8
6200 101 -9005 93 3121.9858162403107 0.9279900000002822 8
6300 101 -8627 107 2996.9694281816483 0.9269900000002868 8
6400 101 -9414 78 3036.8128826618195 0.9259900000002913 8
6500 101 -8905 94 2804.252779483795 0.9249900000002959 8
6600 101 -8712 103 2389.4237809181213 0.9239900000003004 8
6700 101 -8657 107 2189.224787592888 0.922990000000305 8
6800 101 -8373 115 2142.585447907448 0.9219900000003095 8
6900 101 -8619 107 2219.2616802453995 0.9209900000003141 8
7000 101 -9233 82 1894.0803228616714 0.9199900000003186 8
7100 101 -8629 107 2313.51161724329 0.9189900000003232 8
7200 101 -9066 90 1814.0904175043106 0.9179900000003277 8
7300 101 -8853 98 1859.28885191679 0.9169900000003323 8
7400 101 -8845 102 2132.035459637642 0.9159900000003368 8
7500 101 -9274 83 2207.4538657665253 0.9149900000003414 8
7600 101 -8732 102 2398.5142463445663 0.9139900000003459 8
7700 101 -8588 108 2172.1115443706512 0.9129900000003505 8
7800 101 -8615 106 2244.8655005693436 0.911990000000355 8
7900 101 -8747 102 2359.2032123804092 0.9109900000003596 8
8000 101 -8591 106 2312.327611744404 0.9099900000003641 8
8100 101 -8621 105 2963.193976163864 0.9089900000003687 8
8200 101 -8464 108 2368.4281915426254 0.9079900000003732 8
8300 101 -8628 103 2823.5723041296005 0.9069900000003778 8
8400 101 -8751 101 2511.3392630815506 0.9059900000003823 8
8500 101 -8718 102 2698.695125222206 0.9049900000003869 8
8600 101 -8343 118 2686.8892664909363 0.9039900000003914 8
8700 101 -8159 121 2581.2928998470306 0.902990000000396 8
8800 101 -8466 108 2643.701109290123 0.9019900000004005 8
8900 101 -8382 113 2544.3763021230698 0.9009900000004051 8
9000 101 -8467 114 2679.727806687355 0.8999900000004096 8
9100 101 -8908 94 2998.822382926941 0.8989900000004142 8
9200 101 -8354 116 2957.216710805893 0.8979900000004187 8
9300 101 -8370 112 2808.4335190057755 0.8969900000004233 8
9400 101 -8789 99 2544.800061106682 0.8959900000004278 8
9500 101 -8527 108 2663.6029279232025 0.8949900000004324 8
9600 101 -8472 112 3298.41721534729 0.8939900000004369 8
9700 101 -8370 115 3059.910573720932 0.8929900000004415 8
9800 101 -8808 94 2904.6924600601196 0.891990000000446 8
9900 101 -8453 112 3347.3079891204834 0.8909900000004506 8
0 101 -54 2 45.18220090866089 0.8999900000000001 8
100 101 -8697 100 2762.6858739852905 0.8989900000000046 8
200 101 -8625 106 2347.658699631691 0.8979900000000092 8
300 101 -8250 118 2428.187195420265 0.8969900000000137 8
400 101 -8363 118 2248.944151878357 0.8959900000000183 8
500 101 -8074 125 2870.4808146953583 0.8949900000000228 8
600 101 -8589 106 2901.9878284931183 0.8939900000000274 8
700 101 -8433 116 2512.2862391471863 0.8929900000000319 8
800 101 -8569 108 2400.24445104599 0.8919900000000365 8
900 101 -8380 116 2424.6125172376633 0.890990000000041 8
1000 101 -8556 108 2504.2167279720306 0.8899900000000456 8
1100 101 -8373 114 2877.705565929413 0.8889900000000501 8
1200 101 -8654 103 2105.5509568452835 0.8879900000000547 8
1300 101 -8136 122 2488.8147147893906 0.8869900000000592 8
1400 101 -8487 107 2423.712730407715 0.8859900000000638 8
1500 101 -8497 109 2260.5740362405777 0.8849900000000683 8
1600 101 -8516 106 2680.3285586833954 0.8839900000000729 8
1700 101 -8125 119 2512.2977081537247 0.8829900000000774 8
1800 101 -8235 120 2204.9565004110336 0.881990000000082 8
1900 101 -8060 122 2748.9504034519196 0.8809900000000865 8
2000 101 -8371 109 2548.386666059494 0.8799900000000911 8
2100 101 -8279 115 2126.4830639362335 0.8789900000000956 8
2200 101 -7791 132 2536.39705657959 0.8779900000001002 8
2300 101 -7938 127 2096.850063085556 0.8769900000001047 8
2400 101 -7581 141 2079.363077521324 0.8759900000001093 8
2500 101 -7661 138 2249.620244026184 0.8749900000001138 8
2600 101 -8009 125 2538.0909881591797 0.8739900000001184 8
2700 101 -8274 111 2517.543382525444 0.872990000000123 8
2800 101 -7786 131 2455.6092281341553 0.8719900000001275 8
2900 101 -8112 124 2309.1323581933975 0.870990000000132 8
3000 101 -7739 136 2419.5816704034805 0.8699900000001366 8
3100 101 -7880 131 2569.050141453743 0.8689900000001411 8
3200 101 -7241 153 2228.8352123498917 0.8679900000001457 8
3300 101 -7527 143 2310.057985186577 0.8669900000001503 8
3400 101 -7752 134 2003.0620229244232 0.8659900000001548 8
3500 101 -7654 140 2173.6429991722107 0.8649900000001594 8
3600 101 -8210 122 2056.9117156267166 0.8639900000001639 8
3700 101 -7319 152 2301.33283495903 0.8629900000001685 8
3800 101 -7652 139 2221.7793155908585 0.861990000000173 8
3900 101 -7359 149 2208.313806772232 0.8609900000001776 8
4000 101 -7294 155 1981.7540519237518 0.8599900000001821 8
4100 101 -7723 137 2595.5552163124084 0.8589900000001867 8
4200 101 -7052 161 2389.239324569702 0.8579900000001912 8
4300 101 -7348 150 2434.8787252902985 0.8569900000001958 8
4400 101 -7885 128 2450.9997539520264 0.8559900000002003 8
4500 101 -7612 139 2324.6342539787292 0.8549900000002049 8
4600 101 -6911 167 2940.675092458725 0.8539900000002094 8
4700 101 -7010 160 2785.379112839699 0.852990000000214 8
4800 101 -7052 158 2710.1177730560303 0.8519900000002185 8
4900 101 -7382 149 2922.886564016342 0.8509900000002231 8
5000 101 -7097 157 2829.961780309677 0.8499900000002276 8
5100 101 -7287 147 3425.2635481357574 0.8489900000002322 8
5200 101 -7282 148 3039.0204207897186 0.8479900000002367 8
5300 101 -6873 166 2852.8187807798386 0.8469900000002413 8
5400 101 -7125 155 3015.800340652466 0.8459900000002458 8
5500 101 -7311 146 2953.5030341148376 0.8449900000002504 8
5600 101 -7463 145 2968.1069588661194 0.8439900000002549 8
5700 101 -6728 169 2717.843132019043 0.8429900000002595 8
5800 101 -6764 170 2697.289822936058 0.841990000000264 8
5900 101 -7427 145 2665.1699283123016 0.8409900000002686 8
6000 101 -6951 162 2772.3363691568375 0.8399900000002731 8
6100 101 -7072 156 2857.045970916748 0.8389900000002777 8
6200 101 -7151 155 2401.079194545746 0.8379900000002822 8
6300 101 -6697 173 2970.910630106926 0.8369900000002868 8
6400 101 -7227 151 3137.9129877090454 0.8359900000002913 8
6500 101 -6686 174 2658.6718438863754 0.8349900000002959 8
6600 101 -6993 160 3174.829787373543 0.8339900000003004 8
6700 101 -6823 165 3119.0315643548965 0.832990000000305 8
6800 101 -7229 149 2730.3411563634872 0.8319900000003095 8
6900 101 -7278 149 3018.1440616846085 0.8309900000003141 8
7000 101 -7034 156 2962.221300005913 0.8299900000003186 8
7100 101 -6840 165 2985.473642230034 0.8289900000003232 8
7200 101 -6848 163 3063.3013433218002 0.8279900000003277 8
7300 101 -7434 142 3016.933171272278 0.8269900000003323 8
7400 101 -6750 172 2916.7723313570023 0.8259900000003368 8
7500 101 -7081 155 2780.8486827611923 0.8249900000003414 8
7600 101 -6415 185 2809.7081027030945 0.823990000000346 8
7700 101 -6194 191 2720.5219724178314 0.8229900000003505 8
7800 101 -6244 190 2586.237868666649 0.821990000000355 8
7900 101 -6268 188 2552.7226350307465 0.8209900000003596 8
8000 101 -6275 187 2496.9361996650696 0.8199900000003641 8
8100 101 -6142 193 3116.915119409561 0.8189900000003687 8
8200 101 -6270 183 3111.1546634435654 0.8179900000003733 8
8300 101 -6282 186 3426.947439789772 0.8169900000003778 8
8400 101 -5881 203 2962.629978775978 0.8159900000003824 8
8500 101 -6248 187 2986.58151447773 0.8149900000003869 8
8600 101 -5384 222 2590.0263113975525 0.8139900000003915 8
8700 101 -6324 185 2811.028084754944 0.812990000000396 8
8800 101 -6152 192 3093.2264211177826 0.8119900000004006 8
8900 101 -5887 199 2963.7327513694763 0.8109900000004051 8
9000 101 -6177 188 2965.4270104169846 0.8099900000004097 8
9100 101 -5908 199 2993.905311703682 0.8089900000004142 8
9200 101 -6030 191 3073.0422999858856 0.8079900000004188 8
9300 101 -5796 202 2933.1023893356323 0.8069900000004233 8
9400 101 -5726 204 2635.3026938438416 0.8059900000004279 8
9500 101 -5631 212 2944.1814175844193 0.8049900000004324 8
9600 101 -5622 209 3246.826469063759 0.803990000000437 8
9700 101 -6230 186 2786.8884744644165 0.8029900000004415 8
9800 101 -6430 177 2794.2496176958084 0.8019900000004461 8
9900 101 -5911 196 2701.081810593605 0.8009900000004506 8
0 101 -64 2 64.69516181945801 0.7999900000000001 8
100 101 -5803 204 3236.645261526108 0.7989900000000046 8
200 101 -5928 200 3302.8869457244873 0.7979900000000092 8
300 101 -6125 192 3299.517918944359 0.7969900000000137 8
400 101 -5900 198 2677.9892585277557 0.7959900000000183 8
500 101 -6003 197 3228.373766183853 0.7949900000000228 8
600 101 -5403 218 2769.935821056366 0.7939900000000274 8
700 101 -5354 219 2874.7813568115234 0.792990000000032 8
800 101 -5710 203 2731.424145460129 0.7919900000000365 8
900 101 -6096 195 2895.3867126703262 0.790990000000041 8
1000 101 -6257 183 2688.792720556259 0.7899900000000456 8
1100 101 -5637 207 3239.352856397629 0.7889900000000502 8
1200 101 -5091 229 2906.7731751203537 0.7879900000000547 8
1300 101 -5738 205 2602.2571036815643 0.7869900000000593 8
1400 101 -5190 224 3280.3534051179886 0.7859900000000638 8
1500 101 -5806 203 3100.4423413276672 0.7849900000000684 8
1600 101 -5412 214 3047.8684787750244 0.7839900000000729 8
1700 101 -5562 208 3085.653925895691 0.7829900000000775 8
1800 101 -5927 196 2761.341468334198 0.781990000000082 8
1900 101 -5501 211 2837.7601947784424 0.7809900000000866 8
2000 101 -5402 217 2954.825389266014 0.7799900000000911 8
2100 101 -5693 203 3186.1024252176285 0.7789900000000957 8
2200 101 -5321 219 3311.402575969696 0.7779900000001002 8
2300 101 -5135 225 3146.915957212448 0.7769900000001048 8
2400 101 -5433 216 3312.893692135811 0.7759900000001093 8
2500 101 -5497 212 3170.642720222473 0.7749900000001139 8
2600 101 -5063 232 2966.3656096458435 0.7739900000001184 8
2700 101 -5383 215 3072.1943370103836 0.772990000000123 8
2800 101 -5588 209 3062.371079325676 0.7719900000001275 8
2900 101 -5683 204 3100.0839089155197 0.7709900000001321 8
3000 101 -5341 219 3151.993687391281 0.7699900000001366 8
3100 101 -4957 232 3416.5636001825333 0.7689900000001412 8
3200 101 -4764 241 3338.2552984952927 0.7679900000001457 8
3300 101 -5039 232 3223.8763867616653 0.7669900000001503 8
3400 101 -5041 230 3068.188128709793 0.7659900000001548 8
3500 101 -4485 249 3556.122569322586 0.7649900000001594 8
3600 101 -5328 219 3311.4975366592407 0.7639900000001639 8
3700 101 -5299 224 3309.0984823703766 0.7629900000001685 8
3800 101 -5119 228 3314.4184094667435 0.761990000000173 8
3900 101 -4905 233 3495.2590341567993 0.7609900000001776 8
4000 101 -5328 218 3033.254524588585 0.7599900000001821 8
4100 101 -5448 216 3218.2174966335297 0.7589900000001867 8
4200 101 -4358 256 3526.22824382782 0.7579900000001912 8
4300 101 -4464 250 3682.989385843277 0.7569900000001958 8
4400 101 -4614 248 3341.715031862259 0.7559900000002003 8
4500 101 -4638 246 3563.973568677902 0.7549900000002049 8
4600 101 -4521 248 3184.3122487068176 0.7539900000002094 8
4700 101 -5294 220 3551.9060403108597 0.752990000000214 8
4800 101 -4297 256 3283.3217675685883 0.7519900000002185 8
4900 101 -4388 255 3310.303648352623 0.7509900000002231 8
5000 101 -4080 268 3325.26345539093 0.7499900000002276 8
5100 101 -4020 267 3225.469459295273 0.7489900000002322 8
5200 101 -4327 256 3320.8592582941055 0.7479900000002367 8
5300 101 -4515 251 3555.1714420318604 0.7469900000002413 8
5400 101 -4239 260 3411.3454501628876 0.7459900000002458 8
5500 101 -4838 240 3560.965985417366 0.7449900000002504 8
5600 101 -4309 256 3922.3983409404755 0.743990000000255 8
5700 101 -4149 263 3000.0453033447266 0.7429900000002595 8
5800 101 -4409 252 3485.305005788803 0.741990000000264 8
5900 101 -3794 272 2978.3767565488815 0.7409900000002686 8
6000 101 -4476 247 3150.7357012033463 0.7399900000002732 8
6100 101 -3910 270 3244.694786667824 0.7389900000002777 8
6200 101 -4697 245 3006.970512151718 0.7379900000002823 8
6300 101 -4196 257 3244.7897876501083 0.7369900000002868 8
6400 101 -4039 269 2997.544962644577 0.7359900000002914 8
6500 101 -4417 251 3093.8082181215286 0.7349900000002959 8
6600 101 -4305 254 3340.64633500576 0.7339900000003005 8
6700 101 -4159 263 3392.1455109119415 0.732990000000305 8
6800 101 -3812 273 3538.7035168409348 0.7319900000003096 8
6900 101 -3858 275 2797.525097131729 0.7309900000003141 8
7000 101 -4107 266 3080.5280351638794 0.7299900000003187 8
7100 101 -4097 266 3485.476058959961 0.7289900000003232 8
7200 101 -3793 276 3546.0890929698944 0.7279900000003278 8
7300 101 -3167 300 3359.4815014600754 0.7269900000003323 8
7400 101 -3439 289 3060.5116000175476 0.7259900000003369 8
7500 101 -4015 268 3343.2943235635757 0.7249900000003414 8
7600 101 -3798 276 3648.5597863197327 0.723990000000346 8
7700 101 -3746 276 3535.3204658031464 0.7229900000003505 8
7800 101 -3354 292 3225.086256980896 0.7219900000003551 8
7900 101 -3544 283 3378.5149354934692 0.7209900000003596 8
8000 101 -3076 303 3696.8791375160217 0.7199900000003642 8
8100 101 -3340 295 3837.519652366638 0.7189900000003687 8
8200 101 -3395 291 3454.517385363579 0.7179900000003733 8
8300 101 -3438 288 4223.384789943695 0.7169900000003778 8
8400 101 -3699 282 3393.6410697698593 0.7159900000003824 8
8500 101 -3950 267 4128.472261667252 0.7149900000003869 8
8600 101 -2791 314 3625.080007314682 0.7139900000003915 8
8700 101 -2741 315 3587.0167469978333 0.712990000000396 8
8800 101 -3431 290 3472.8800489902496 0.7119900000004006 8
8900 101 -3381 294 3683.620197057724 0.7109900000004051 8
9000 101 -3280 296 3361.495283603668 0.7099900000004097 8
9100 101 -3171 301 3442.016001224518 0.7089900000004142 8
9200 101 -3129 301 3441.268077969551 0.7079900000004188 8
9300 101 -3068 303 3401.612879037857 0.7069900000004233 8
9400 101 -3329 293 3487.1919556856155 0.7059900000004279 8
9500 101 -3729 279 3728.019366979599 0.7049900000004324 8
9600 101 -3092 303 3911.115260720253 0.703990000000437 8
9700 101 -3084 301 3552.6931567192078 0.7029900000004415 8
9800 101 -2869 313 3795.498491048813 0.7019900000004461 8
9900 101 -2858 312 3741.8956443071365 0.7009900000004506 8
0 101 -32 3 35.455944538116455 0.69999 8
100 101 -2419 325 3701.170693874359 0.6989900000000046 8
200 101 -3668 282 3455.860934495926 0.6979900000000091 8
300 101 -2785 314 3709.7063307762146 0.6969900000000137 8
400 101 -2938 305 3734.9726667404175 0.6959900000000182 8
500 101 -3333 294 3608.102835059166 0.6949900000000228 8
600 101 -2361 329 3520.100580573082 0.6939900000000273 8
700 101 -2729 318 3248.017735481262 0.6929900000000319 8
800 101 -2879 310 3657.0045733451843 0.6919900000000364 8
900 101 -2386 329 3130.4901255369186 0.690990000000041 8
1000 101 -2975 308 3632.796021461487 0.6899900000000455 8
1100 101 -2755 314 3847.6135783195496 0.6889900000000501 8
1200 101 -2732 315 3462.489175915718 0.6879900000000546 8
1300 101 -2681 315 3517.7300839424133 0.6869900000000592 8
1400 101 -2858 309 3690.6397626399994 0.6859900000000637 8
1500 101 -2549 320 3772.1010353565216 0.6849900000000683 8
1600 101 -3779 272 3380.9141615629196 0.6839900000000728 8
1700 101 -3109 302 3824.45110809803 0.6829900000000774 8
1800 101 -3738 276 3820.6840376853943 0.6819900000000819 8
1900 101 -2878 312 3876.2306895256042 0.6809900000000865 8
2000 101 -3270 293 3678.942613363266 0.679990000000091 8
2100 101 -3233 296 3880.524248480797 0.6789900000000956 8
2200 101 -3686 279 3687.6645522117615 0.6779900000001001 8
2300 101 -2978 305 3574.930278778076 0.6769900000001047 8
2400 101 -2529 321 3864.544070959091 0.6759900000001092 8
2500 101 -2646 319 3481.613224029541 0.6749900000001138 8
2600 101 -2384 327 3424.421777486801 0.6739900000001183 8
2700 101 -3118 298 3141.0932428836823 0.6729900000001229 8
2800 101 -2752 314 3336.4106669425964 0.6719900000001274 8
2900 101 -3685 282 3040.427221298218 0.670990000000132 8
3000 101 -3393 288 3847.017744898796 0.6699900000001365 8
3100 101 -2320 333 3377.1657330989838 0.6689900000001411 8
3200 101 -1697 357 3166.780269384384 0.6679900000001456 8
3300 101 -2209 338 3684.598975777626 0.6669900000001502 8
3400 101 -1770 354 3485.154476881027 0.6659900000001547 8
3500 101 -2728 318 3451.3446493148804 0.6649900000001593 8
3600 101 -1968 343 3969.8793354034424 0.6639900000001638 8
3700 101 -2066 337 3670.267945289612 0.6629900000001684 8
3800 101 -2060 338 3319.7877085208893 0.6619900000001729 8
3900 101 -2097 335 3207.271913290024 0.6609900000001775 8
4000 101 -1870 345 3088.931258559227 0.659990000000182 8
4100 101 -1873 345 3781.815698623657 0.6589900000001866 8
4200 101 -1766 352 3907.664521217346 0.6579900000001911 8
4300 101 -1690 355 3707.9892494678497 0.6569900000001957 8
4400 101 -2154 337 3593.3717498779297 0.6559900000002002 8
4500 101 -2489 325 3589.738552927971 0.6549900000002048 8
4600 101 -2198 336 3883.516740322113 0.6539900000002093 8
4700 101 -2273 330 3920.8198338747025 0.6529900000002139 8
4800 101 -1675 355 3929.8111987113953 0.6519900000002185 8
4900 101 -1844 352 4006.4711422920227 0.650990000000223 8
5000 101 -1890 349 3950.9334511756897 0.6499900000002276 8
5100 101 -1998 341 4205.546597003937 0.6489900000002321 8
5200 101 -2469 324 3951.8392057418823 0.6479900000002367 8
5300 101 -2336 332 4034.9844579696655 0.6469900000002412 8
5400 101 -1776 351 4066.213737487793 0.6459900000002458 8
5500 101 -1694 354 4070.5345668792725 0.6449900000002503 8
5600 101 -1150 372 4434.857374429703 0.6439900000002549 8
5700 101 -2172 334 4597.79053401947 0.6429900000002594 8
5800 101 -787 387 4521.094151735306 0.641990000000264 8
5900 101 -1140 373 4314.646645307541 0.6409900000002685 8
6000 101 -2163 333 4440.6720378398895 0.6399900000002731 8
6100 101 -2863 310 3911.183005809784 0.6389900000002776 8
6200 101 -1791 352 4397.5442662239075 0.6379900000002822 8
6300 101 -1862 344 4087.3414857387543 0.6369900000002867 8
6400 101 -2494 327 4008.43327832222 0.6359900000002913 8
6500 101 -2011 341 3725.9579384326935 0.6349900000002958 8
6600 101 -1023 377 4329.467189073563 0.6339900000003004 8
6700 101 -1022 381 4586.713892698288 0.6329900000003049 8
6800 101 -969 379 4221.353484630585 0.6319900000003095 8
6900 101 -1741 351 3704.860771179199 0.630990000000314 8
7000 101 -604 392 4568.340564489365 0.6299900000003186 8
7100 101 -1301 368 4575.273101568222 0.6289900000003231 8
7200 101 -855 388 4582.748640060425 0.6279900000003277 8
7300 101 -987 378 4632.514419078827 0.6269900000003322 8
7400 101 -595 395 4466.310322761536 0.6259900000003368 8
7500 101 -901 384 4832.9722509384155 0.6249900000003413 8
7600 101 -1641 354 4509.461607456207 0.6239900000003459 8
7700 101 -736 390 4408.420208692551 0.6229900000003504 8
7800 101 -1056 379 4353.945365428925 0.621990000000355 8
7900 101 -1533 358 3984.800064444542 0.6209900000003595 8
8000 101 -1064 379 4137.713208198547 0.6199900000003641 8
8100 101 -536 397 4138.84422659874 0.6189900000003686 8
8200 101 -902 383 4359.312417507172 0.6179900000003732 8
8300 101 -550 393 4204.721851348877 0.6169900000003777 8
8400 101 -786 390 4412.244548559189 0.6159900000003823 8
8500 101 -93 415 4273.40559053421 0.6149900000003868 8
8600 101 -212 410 4579.347881317139 0.6139900000003914 8
8700 101 74 418 4494.145619630814 0.6129900000003959 8
8800 101 -60 411 4558.251967668533 0.6119900000004005 8
8900 101 4 416 4657.476410865784 0.610990000000405 8
9000 101 166 423 4244.171855926514 0.6099900000004096 8
9100 101 -52 414 4196.87392783165 0.6089900000004141 8
9200 101 -772 386 3888.8737075328827 0.6079900000004187 8
9300 101 -819 385 4022.603482246399 0.6069900000004232 8
9400 101 -679 388 3892.7668273448944 0.6059900000004278 8
9500 101 -289 404 3900.872094154358 0.6049900000004323 8
9600 101 -145 410 3575.979619026184 0.6039900000004369 8
9700 101 434 433 3829.832452058792 0.6029900000004415 8
9800 101 44 420 3772.0749464035034 0.601990000000446 8
9900 101 495 436 4054.1765446662903 0.6009900000004506 8
0 101 -1 4 52.038902282714844 0.59999 8
100 101 405 433 3826.805826187134 0.5989900000000046 8
200 101 39 421 3951.879236459732 0.5979900000000091 8
300 101 818 447 4017.2403042316437 0.5969900000000137 8
400 101 493 436 3906.410557985306 0.5959900000000182 8
500 101 -18 416 3954.633671760559 0.5949900000000228 8
600 101 390 428 3744.8631002902985 0.5939900000000273 8
700 101 229 424 4510.901534795761 0.5929900000000319 8
800 101 -9 416 3930.766825914383 0.5919900000000364 8
900 101 -492 399 3645.941815137863 0.590990000000041 8
1000 101 323 430 3860.1535725593567 0.5899900000000455 8
1100 101 292 428 4453.079167127609 0.5889900000000501 8
1200 101 381 429 4307.392701387405 0.5879900000000546 8
1300 101 429 433 4830.037995815277 0.5869900000000592 8
1400 101 276 427 4274.122344493866 0.5859900000000637 8
1500 101 381 429 4298.957664012909 0.5849900000000683 8
1600 101 671 443 4714.596235990524 0.5839900000000728 8
1700 101 1244 458 4632.326174020767 0.5829900000000774 8
1800 101 182 424 4163.762962341309 0.5819900000000819 8
1900 101 -475 396 4565.812709093094 0.5809900000000865 8
2000 101 -13 414 4366.150077581406 0.579990000000091 8
2100 101 600 433 3995.6311399936676 0.5789900000000956 8
2200 101 489 431 4239.632951498032 0.5779900000001001 8
2300 101 285 424 3838.1512718200684 0.5769900000001047 8
2400 101 -434 397 3880.3710765838623 0.5759900000001092 8
2500 101 978 450 3875.45849442482 0.5749900000001138 8
2600 101 993 451 4075.5426762104034 0.5739900000001183 8
2700 101 1104 453 3839.2399854660034 0.5729900000001229 8
2800 101 575 435 3824.688145637512 0.5719900000001275 8
2900 101 563 433 3540.317946910858 0.570990000000132 8
3000 101 1475 471 4309.592137336731 0.5699900000001366 8
3100 101 1045 457 4486.963668823242 0.5689900000001411 8
3200 101 1179 462 4646.853298664093 0.5679900000001457 8
3300 101 431 431 4334.355403423309 0.5669900000001502 8
3400 101 1184 459 4049.6288928985596 0.5659900000001548 8
3500 101 1266 468 4385.87713432312 0.5649900000001593 8
3600 101 -266 409 4165.170453310013 0.5639900000001639 8
3700 101 95 423 4503.271485090256 0.5629900000001684 8
3800 101 -33 419 4572.90891456604 0.561990000000173 8
3900 101 -181 411 4028.839587688446 0.5609900000001775 8
4000 101 -35 419 4465.214419364929 0.5599900000001821 8
4100 101 1363 466 4467.7855224609375 0.5589900000001866 8
4200 101 137 422 4156.528546333313 0.5579900000001912 8
4300 101 1140 458 4178.92783498764 0.5569900000001957 8
4400 101 909 452 4050.0192444324493 0.5559900000002003 8
4500 101 442 432 4258.107115745544 0.5549900000002048 8
4600 101 1651 480 4131.0441727638245 0.5539900000002094 8
4700 101 1211 462 4346.348826885223 0.5529900000002139 8
4800 101 956 451 3870.0784146785736 0.5519900000002185 8
4900 101 1869 485 4302.7344806194305 0.550990000000223 8
5000 101 1135 459 4304.472309589386 0.5499900000002276 8
5100 101 1834 482 4138.513597726822 0.5489900000002321 8
5200 101 2323 500 4132.24950671196 0.5479900000002367 8
5300 101 2529 510 4216.612323045731 0.5469900000002412 8
5400 101 2217 498 4246.976922750473 0.5459900000002458 8
5500 101 1567 473 4224.761301994324 0.5449900000002503 8
5600 101 1884 488 4134.164893388748 0.5439900000002549 8
5700 101 1868 490 4441.428161859512 0.5429900000002594 8
5800 101 669 446 4677.900835514069 0.541990000000264 8
5900 101 10 419 4367.180253982544 0.5409900000002685 8
6000 101 2018 492 4474.644175291061 0.5399900000002731 8
6100 101 1292 470 4366.367455482483 0.5389900000002776 8
6200 101 1316 467 4424.678589344025 0.5379900000002822 8
6300 101 1472 477 4647.983000993729 0.5369900000002867 8
6400 101 1324 467 4555.852405309677 0.5359900000002913 8
6500 101 750 448 4555.86504817009 0.5349900000002958 8
6600 101 950 457 4704.909850120544 0.5339900000003004 8
6700 101 554 439 4467.335716247559 0.5329900000003049 8
6800 101 455 441 4894.038005828857 0.5319900000003095 8
6900 101 126 431 4145.596518039703 0.530990000000314 8
7000 101 702 449 4474.5538330078125 0.5299900000003186 8
7100 101 922 448 4787.211995601654 0.5289900000003231 8
7200 101 -841 381 4111.132007598877 0.5279900000003277 8
7300 101 1118 459 4682.237240791321 0.5269900000003322 8
7400 101 -719 397 4295.041374921799 0.5259900000003368 8
7500 101 -825 390 4185.092222690582 0.5249900000003414 8
7600 101 685 440 4701.132702827454 0.5239900000003459 8
7700 101 443 434 4633.25904583931 0.5229900000003505 8
7800 101 1062 456 5253.178574800491 0.521990000000355 8
7900 101 1875 490 4845.376554727554 0.5209900000003596 8
8000 101 843 447 4763.526846408844 0.5199900000003641 8
8100 101 1694 476 4832.85751247406 0.5189900000003687 8
8200 101 2957 525 4567.175905704498 0.5179900000003732 8
8300 101 2074 494 4826.743164539337 0.5169900000003778 8
8400 101 2864 519 4691.328542232513 0.5159900000003823 8
8500 101 2636 515 4780.231716871262 0.5149900000003869 8
8600 101 1732 479 4783.212781429291 0.5139900000003914 8
8700 101 2728 520 4526.17999458313 0.512990000000396 8
8800 101 3038 528 4988.959072828293 0.5119900000004005 8
8900 101 2419 509 4598.393707513809 0.5109900000004051 8
9000 101 2269 501 4996.299015760422 0.5099900000004096 8
9100 101 2774 522 4817.177898645401 0.5089900000004142 8
9200 101 2706 516 4334.0588047504425 0.5079900000004187 8
9300 101 2861 524 4529.2110731601715 0.5069900000004233 8
9400 101 3434 545 4219.11976480484 0.5059900000004278 8
9500 101 3644 552 4456.3250296115875 0.5049900000004324 8
9600 101 3440 542 4302.354685783386 0.5039900000004369 8
9700 101 2988 527 4080.4508752822876 0.5029900000004415 8
9800 101 3090 534 4065.96315073967 0.501990000000446 8
9900 101 3622 550 3864.4320707321167 0.5009900000004506 8
0 101 -25 3 39.80162858963013 0.49999 8
100 101 4138 568 3943.4361090660095 0.498989999999999 8
200 101 3161 530 3855.130551457405 0.497989999999998 8
300 101 3855 557 4217.943124294281 0.496989999999997 8
400 101 3607 549 3979.57506608963 0.495989999999996 8
500 101 3103 530 4155.770014286041 0.494989999999995 8
600 101 4183 572 5043.352221488953 0.493989999999994 8
700 101 3397 540 4250.956777572632 0.492989999999993 8
800 101 2602 513 4776.079678058624 0.491989999999992 8
900 101 4141 569 4693.923101186752 0.490989999999991 8
1000 101 2969 526 4586.843462467194 0.48998999999999 8
1100 101 3201 535 4541.699209690094 0.488989999999989 8
1200 101 3691 550 4238.134516477585 0.487989999999988 8
1300 101 3556 548 4509.199546337128 0.486989999999987 8
1400 101 3691 553 4352.935945749283 0.485989999999986 8
1500 101 4217 572 4338.876904010773 0.484989999999985 8
1600 101 3832 557 4895.342211484909 0.483989999999984 8
1700 101 3271 537 4677.757105112076 0.482989999999983 8
1800 101 3403 546 5256.697177410126 0.481989999999982 8
1900 101 2675 521 4519.855890512466 0.480989999999981 8
2000 101 2939 529 4932.241024255753 0.47998999999998 8
2100 101 3005 524 5378.110147714615 0.478989999999979 8
2200 101 1860 482 4504.156032085419 0.477989999999978 8
2300 101 3441 547 5081.881402730942 0.476989999999977 8
2400 101 3277 536 4746.071835517883 0.475989999999976 8
2500 101 3326 539 4665.225282430649 0.474989999999975 8
2600 101 3698 556 4908.230447053909 0.473989999999974 8
2700 101 4148 570 4908.4401512146 0.472989999999973 8
2800 101 3782 555 5185.894562005997 0.471989999999972 8
2900 101 4187 571 5021.935807466507 0.470989999999971 8
3000 101 3158 532 4687.057955503464 0.46998999999997 8
3100 101 4098 567 5673.640140533447 0.468989999999969 8
3200 101 4430 580 5386.9753177165985 0.467989999999968 8
3300 101 4686 588 5699.969730377197 0.466989999999967 8
3400 101 4523 583 5298.706097602844 0.465989999999966 8
3500 101 3891 562 5320.066715717316 0.464989999999965 8
3600 101 4063 567 5311.289578437805 0.463989999999964 8
3700 101 4621 587 5342.7171585559845 0.462989999999963 8
3800 101 4353 575 4905.7533757686615 0.461989999999962 8
3900 101 4213 574 5413.725201368332 0.460989999999961 8
4000 101 3268 538 4826.627618074417 0.45998999999996 8
4100 101 4265 577 4963.798394918442 0.458989999999959 8
4200 101 3869 567 4809.737245321274 0.457989999999958 8
4300 101 5081 606 4860.681721448898 0.456989999999957 8
4400 101 4125 572 4595.755708456039 0.455989999999956 8
4500 101 3281 543 4845.133021831512 0.454989999999955 8
4600 101 5128 606 4831.43049454689 0.453989999999954 8
4700 101 4773 593 4214.682881832123 0.452989999999953 8
4800 101 5044 603 4694.181028366089 0.451989999999952 8
4900 101 4306 579 4111.374252319336 0.450989999999951 8
5000 101 4912 599 4583.281357526779 0.44998999999995 8
5100 101 5370 616 4174.827927112579 0.448989999999949 8
5200 101 4942 599 4322.2046892642975 0.447989999999948 8
5300 101 4850 595 4176.62401008606 0.446989999999947 8
5400 101 4741 592 4400.165150880814 0.445989999999946 8
5500 101 5308 619 4252.538912057877 0.444989999999945 8
5600 101 4706 594 4536.007454633713 0.443989999999944 8
5700 101 3381 548 4123.112936496735 0.442989999999943 8
5800 101 4347 582 4035.3312969207764 0.441989999999942 8
5900 101 4297 576 4169.2213389873505 0.440989999999941 8
6000 101 4106 573 4489.586247682571 0.43998999999994 8
6100 101 4750 595 4954.362459897995 0.438989999999939 8
6200 101 3048 535 4502.9152500629425 0.437989999999938 8
6300 101 3949 560 4393.3077120780945 0.436989999999937 8
6400 101 4051 570 4604.896991252899 0.435989999999936 8
6500 101 4222 580 4974.299064397812 0.434989999999935 8
6600 101 4274 572 4898.252205610275 0.433989999999934 8
6700 101 1902 493 4354.2593314647675 0.432989999999933 8
6800 101 3527 551 4768.615527153015 0.431989999999932 8
6900 101 1508 475 4735.578902721405 0.430989999999931 8
7000 101 2580 514 4427.710234880447 0.42998999999993 8
7100 101 5007 606 5113.521693229675 0.428989999999929 8
7200 101 4401 579 4784.833338499069 0.427989999999928 8
7300 101 4616 588 5375.341398715973 0.426989999999927 8
7400 101 5041 604 5045.555294752121 0.425989999999926 8
7500 101 3674 552 4719.56162571907 0.424989999999925 8
7600 101 4525 582 4432.683659791946 0.423989999999924 8
7700 101 4354 577 4473.805821180344 0.422989999999923 8
7800 101 4860 602 4606.631679058075 0.421989999999922 8
7900 101 3869 568 4142.327697753906 0.420989999999921 8
8000 101 5454 617 4469.218439340591 0.41998999999992 8
8100 101 4791 592 4553.92825961113 0.418989999999919 8
8200 101 5054 605 4003.177515268326 0.417989999999918 8
8300 101 5594 622 4304.78297662735 0.416989999999917 8
8400 101 4070 565 4283.513887166977 0.415989999999916 8
8500 101 6183 645 4366.546897172928 0.414989999999915 8
8600 101 5734 632 4754.233049869537 0.413989999999914 8
8700 101 5854 639 4551.676877737045 0.412989999999913 8
8800 101 4898 609 4568.590548276901 0.411989999999912 8
8900 101 5774 636 4492.810769081116 0.410989999999911 8
9000 101 4919 605 4552.755983352661 0.40998999999991 8
9100 101 6415 656 4648.941920518875 0.408989999999909 8
9200 101 6456 656 4398.302494764328 0.407989999999908 8
9300 101 6048 639 4342.5024518966675 0.406989999999907 8
9400 101 4883 597 4105.777025461197 0.405989999999906 8
9500 101 6606 660 4260.6660742759705 0.404989999999905 8
9600 101 6674 665 4294.720036745071 0.403989999999904 8
9700 101 5626 626 4735.978059053421 0.402989999999903 8
9800 101 5415 617 4662.599662303925 0.401989999999902 8
9900 101 4797 596 4178.5044729709625 0.400989999999901 8
0 101 80 7 53.37949275970459 0.2 8
100 101 17077 1056 5663.253949642181 0.2 8
200 101 14147 949 5215.997931003571 0.2 8
300 101 16766 1045 5567.964834690094 0.2 8
400 101 15568 1002 5862.154560804367 0.2 8
500 101 13882 959 4902.263820409775 0.2 8
600 101 16696 1044 5868.881021499634 0.2 8
700 101 17586 1074 6142.335160732269 0.2 8
800 101 18787 1124 5657.357105731964 0.2 8
900 101 16962 1060 5554.155859947205 0.2 8
1000 101 17968 1095 5937.285533905029 0.2 8
1100 101 16289 1035 5319.172540664673 0.2 8
1200 101 13996 978 5811.236949682236 0.2 8
1300 101 8258 804 5288.672166109085 0.2 8
1400 101 11057 882 5838.2074999809265 0.2 8
1500 101 7936 795 5730.60839509964 0.2 8
1600 101 17178 1061 6042.614663600922 0.2 8
1700 101 17065 1054 6180.100574016571 0.2 8
1800 101 17231 1061 6027.2068610191345 0.2 8
1900 101 16403 1035 5806.720897674561 0.2 8
2000 101 18056 1090 6680.670725345612 0.2 8
2100 101 17936 1087 5738.3948583602905 0.2 8
2200 101 19260 1140 5543.218789100647 0.2 8
2300 101 19045 1129 5824.516201019287 0.2 8
2400 101 18165 1097 5406.611018657684 0.2 8
2500 101 17950 1090 5621.225455760956 0.2 8
2600 101 17454 1076 6974.312355518341 0.2 8
2700 101 17477 1072 7001.778124809265 0.2 8
2800 101 16551 1036 6942.608924865723 0.2 8
2900 101 18625 1113 7464.490240097046 0.2 8
3000 101 17304 1064 7207.730890274048 0.2 8
3100 101 19302 1140 7262.697581291199 0.2 8
3200 101 15440 990 6827.803027629852 0.2 8
3300 101 16277 1022 6809.910562515259 0.2 8
3400 101 15907 1008 7146.296380519867 0.2 8
3500 101 16561 1040 6713.6367745399475 0.2 8
3600 101 18339 1102 7302.535210609436 0.2 8
3700 101 19141 1132 7402.481316566467 0.2 8
3800 101 17559 1074 7147.867963314056 0.2 8
3900 101 17661 1082 7129.688315868378 0.2 8
4000 101 17287 1064 7815.149386882782 0.2 8
4100 101 17436 1068 8206.470611572266 0.2 8
4200 101 18099 1092 7458.023292541504 0.2 8
4300 101 17033 1051 7857.927055835724 0.2 8
4400 101 16505 1032 8133.379952430725 0.2 8
4500 101 16993 1051 7414.759255409241 0.2 8
4600 101 17869 1082 7784.076230049133 0.2 8
4700 101 18151 1091 7314.21463060379 0.2 8
4800 101 17053 1051 6983.005223274231 0.2 8
4900 101 16608 1036 7228.708886146545 0.2 8
5000 101 17150 1057 7564.683264255524 0.2 8
5100 101 17195 1058 6819.479595661163 0.2 8
5200 101 17363 1062 6964.698467254639 0.2 8
5300 101 17613 1076 7354.727015018463 0.2 8
5400 101 16991 1049 6724.247685909271 0.2 8
5500 101 16418 1034 6686.812055110931 0.2 8
5600 101 16242 1023 6313.954532146454 0.2 8
5700 101 16178 1019 6567.394844532013 0.2 8
5800 101 17114 1051 5996.628089904785 0.2 8
5900 101 16257 1019 6004.328502655029 0.2 8
6000 101 15203 984 6382.997155666351 0.2 8
6100 101 17131 1054 6654.4181432724 0.2 8
6200 101 17407 1065 6105.901334285736 0.2 8
6300 101 16147 1018 6901.344069957733 0.2 8
6400 101 16116 1018 6584.6769552230835 0.2 8
6500 101 16944 1047 6523.537637233734 0.2 8
6600 101 15150 981 6510.68557882309 0.2 8
6700 101 14810 967 6167.748315811157 0.2 8
6800 101 14190 945 6020.346652984619 0.2 8
6900 101 14955 974 6274.5786056518555 0.2 8
7000 101 14519 961 5938.781752586365 0.2 8
7100 101 14298 952 6986.8152804374695 0.2 8
7200 101 14555 961 6604.567070484161 0.2 8
7300 101 15354 992 7204.891962051392 0.2 8
7400 101 13922 939 6460.1393003463745 0.2 8
7500 101 14804 969 6630.602750778198 0.2 8
7600 101 15031 977 6725.438669204712 0.2 8
7700 101 13225 920 5916.05810546875 0.2 8
7800 101 13809 932 6299.38933801651 0.2 8
7900 101 14285 953 6344.179663658142 0.2 8
8000 101 14870 972 6599.706795215607 0.2 8
8100 101 13372 911 6045.984685897827 0.2 8
8200 101 11863 856 6377.071461677551 0.2 8
8300 101 16416 1026 6358.831796169281 0.2 8
8400 101 15842 1009 6155.16366815567 0.2 8
8500 101 16071 1016 6816.420294284821 0.2 8
8600 101 14196 956 6360.516824245453 0.2 8
8700 101 13418 931 6348.255604982376 0.2 8
8800 101 11955 882 6047.5205183029175 0.2 8
8900 101 9919 817 6611.326360702515 0.2 8
9000 101 8573 766 5991.1319699287415 0.2 8
9100 101 9916 794 5086.340309143066 0.2 8
9200 101 12353 879 5745.529738903046 0.2 8
9300 101 9602 773 5063.938358068466 0.2 8
9400 101 10538 807 5303.5587067604065 0.2 8
9500 101 12589 888 5413.248703956604 0.2 8
9600 101 14697 968 5416.319572687149 0.2 8
9700 101 13429 921 5207.0467739105225 0.2 8
9800 101 12269 883 4814.62889289856 0.2 8
9900 101 11536 852 4480.390318870544 0.2 8
10000 101 12131 873 4377.294195890427 0.2 8
10100 101 13394 918 4901.72456741333 0.2 8
10200 101 12922 900 5255.372066736221 0.2 8
10300 101 12436 882 5398.845976352692 0.2 8
10400 101 11711 859 4997.300799369812 0.2 8
10500 101 11508 850 4796.938834428787 0.2 8
10600 101 15082 982 5248.756917476654 0.2 8
10700 101 13456 916 4703.777395486832 0.2 8
10800 101 13296 911 4570.146983623505 0.2 8
10900 101 11730 853 4578.101160526276 0.2 8
11000 101 14083 945 4832.931299686432 0.2 8
11100 101 13757 929 5458.989624977112 0.2 8
11200 101 13592 925 5427.972722053528 0.2 8
11300 101 13266 915 5550.987517356873 0.2 8
11400 101 14294 951 5979.607843399048 0.2 8
11500 101 13532 925 6173.93123960495 0.2 8
11600 101 14755 968 6589.919888973236 0.2 8
11700 101 13510 921 5963.236064910889 0.2 8
11800 101 14063 942 7008.540778636932 0.2 8
11900 101 13494 920 6306.285232543945 0.2 8
12000 101 15170 984 6315.974411010742 0.2 8
12100 101 13491 916 6205.589119434357 0.2 8
12200 101 9514 769 5606.1305294036865 0.2 8
12300 101 6060 645 4909.641804695129 0.2 8
12400 101 7119 694 5181.681478023529 0.2 8
12500 101 8532 750 5301.538329362869 0.2 8
12600 101 14402 955 6549.022795677185 0.2 8
12700 101 14106 946 6050.293112277985 0.2 8
12800 101 14761 966 6388.20211648941 0.2 8
12900 101 14366 953 6323.28306388855 0.2 8
13000 101 14660 964 6838.920969963074 0.2 8
13100 101 12496 883 5435.28146314621 0.2 8
13200 101 14035 942 5547.1301012039185 0.2 8
13300 101 14458 957 5702.0324420928955 0.2 8
13400 101 13904 938 5641.84491109848 0.2 8
13500 101 14590 962 5904.906254768372 0.2 8
13600 101 14399 954 6916.580410480499 0.2 8
13700 101 15391 993 6859.9023060798645 0.2 8
13800 101 15249 989 6292.21023273468 0.2 8
13900 101 16080 1019 6567.763441085815 0.2 8
14000 101 15132 980 6917.9589767456055 0.2 8
14100 101 14790 968 6596.922404766083 0.2 8
14200 101 14601 967 6560.54934835434 0.2 8
14300 101 15406 994 6453.040810108185 0.2 8
14400 101 15194 985 6609.702486515045 0.2 8
14500 101 8767 798 5406.787547588348 0.2 8
14600 101 14679 964 5811.547852039337 0.2 8
14700 101 14331 956 5914.185744762421 0.2 8
14800 101 12906 900 5156.906621932983 0.2 8
14900 101 12017 865 5686.290739059448 0.2 8
15000 101 12255 873 5758.84491443634 0.2 8
15100 101 13318 912 5491.067831993103 0.2 8
15200 101 13432 920 5699.218267440796 0.2 8
15300 101 15416 993 5181.912953138351 0.2 8
15400 101 14258 951 5521.824280261993 0.2 8
15500 101 13904 941 5520.158501625061 0.2 8
15600 101 12209 875 6510.685109138489 0.2 8
15700 101 11590 863 6193.171353816986 0.2 8
15800 101 10256 817 6162.313166618347 0.2 8
15900 101 8480 772 6148.129868984222 0.2 8
16000 101 9682 798 6383.089430809021 0.2 8
16100 101 13396 915 6183.799339771271 0.2 8
16200 101 13947 936 6277.339946269989 0.2 8
16300 101 11897 858 6025.979603767395 0.2 8
16400 101 13630 925 6300.211625576019 0.2 8
16500 101 10335 803 5629.591751098633 0.2 8
16600 101 12762 894 6381.280552387238 0.2 8
16700 101 12824 903 6764.244557857513 0.2 8
16800 101 12326 890 6367.475084781647 0.2 8
16900 101 10195 818 6036.128818035126 0.2 8
17000 101 9489 800 5829.211570262909 0.2 8
17100 101 13008 902 5396.033214092255 0.2 8
17200 101 13872 936 5539.039659976959 0.2 8
17300 101 11735 855 5066.526672363281 0.2 8
17400 101 11778 860 5435.7139983177185 0.2 8
17500 101 12962 908 5719.304226398468 0.2 8
17600 101 13754 931 6557.125596523285 0.2 8
17700 101 13514 924 6460.968595027924 0.2 8
17800 101 14080 941 5743.029233932495 0.2 8
17900 101 14470 959 6222.435549259186 0.2 8
18000 101 14120 943 6111.159255981445 0.2 8
18100 101 14065 940 6165.895184516907 0.2 8
18200 101 14495 958 6385.387867450714 0.2 8
18300 101 15521 997 6723.034464359283 0.2 8
18400 101 14428 955 6081.051459312439 0.2 8
18500 101 12149 867 5357.129340648651 0.2 8
18600 101 11674 854 5052.674827098846 0.2 8
18700 101 12700 891 5616.942610740662 0.2 8
18800 101 12126 867 5529.767252445221 0.2 8
18900 101 12555 886 5334.250254154205 0.2 8
19000 101 13512 921 5294.666394233704 0.2 8
19100 101 12440 881 4953.2012259960175 0.2 8
19200 101 11992 865 4943.950249910355 0.2 8
19300 101 13809 932 5221.628620147705 0.2 8
19400 101 14229 947 5410.899791479111 0.2 8
19500 101 13054 906 5079.431447982788 0.2 8
19600 101 12490 883 4983.74166059494 0.2 8
19700 101 12929 899 4921.079765558243 0.2 8
19800 101 15452 994 5291.824278354645 0.2 8
19900 101 14573 960 4755.866763591766 0.2 8
0 101 78 7 43.33946752548218 0.4999975 8
100 101 3312 538 3894.6344656944275 0.49974749999999835 8
200 101 2966 530 3765.5270092487335 0.4994974999999967 8
300 101 2719 520 3847.0336565971375 0.49924749999999507 8
400 101 3127 535 3716.2467589378357 0.49899749999999343 8
500 101 3527 546 3887.966750383377 0.4987474999999918 8
600 101 2423 507 3867.8592824935913 0.49849749999999016 8
700 101 3517 549 4088.1105284690857 0.4982474999999885 8
800 101 2393 510 3677.256450653076 0.4979974999999869 8
900 101 2821 523 3808.949989080429 0.49774749999998524 8
1000 101 3128 532 3680.063247203827 0.4974974999999836 8
1100 101 2803 519 3823.8502864837646 0.49724749999998197 8
1200 101 2651 514 3397.6745796203613 0.49699749999998033 8
1300 101 1759 480 3511.082090616226 0.4967474999999787 8
1400 101 1786 481 3405.8546237945557 0.49649749999997705 8
1500 101 2046 493 3397.6059992313385 0.4962474999999754 8
1600 101 2371 504 3116.031789302826 0.4959974999999738 8
1700 101 2559 515 3492.000075697899 0.49574749999997214 8
1800 101 3109 533 3305.7437586784363 0.4954974999999705 8
1900 101 2914 528 3251.272376537323 0.49524749999996887 8
2000 101 3842 559 3445.8185443878174 0.4949974999999672 8
2100 101 2856 524 3598.142030239105 0.4947474999999656 8
2200 101 2663 518 3265.5538783073425 0.49449749999996395 8
2300 101 3087 530 3923.8948702812195 0.4942474999999623 8
2400 101 2581 517 3761.5712060928345 0.4939974999999607 8
2500 101 2747 527 3499.6489849090576 0.49374749999995904 8
2600 101 2408 505 3581.78715133667 0.4934974999999574 8
2700 101 2388 512 3876.715059041977 0.49324749999995576 8
2800 101 2398 508 3512.4238028526306 0.4929974999999541 8
2900 101 1860 488 4003.8288481235504 0.4927474999999525 8
3000 101 1489 476 3786.2324752807617 0.49249749999995085 8
3100 101 2708 517 3862.7415583133698 0.4922474999999492 8
3200 101 1843 485 3940.2859251499176 0.4919974999999476 8
3300 101 2984 532 3988.7559843063354 0.49174749999994594 8
3400 101 1426 468 3641.541003704071 0.4914974999999443 8
3500 101 2842 515 4096.057595491409 0.49124749999994266 8
3600 101 3351 539 4833.9411606788635 0.490997499999941 8
3700 101 3314 542 4469.047952413559 0.4907474999999394 8
3800 101 3078 532 4446.991708993912 0.49049749999993775 8
3900 101 3890 561 4697.95617890358 0.4902474999999361 8
4000 101 2754 517 3722.856873035431 0.48999749999993447 8
4100 101 3567 546 3804.1403682231903 0.48974749999993283 8
4200 101 4027 563 4243.0926349163055 0.4894974999999312 8
4300 101 3415 538 4299.38338971138 0.48924749999992956 8
4400 101 3156 533 4124.496138095856 0.4889974999999279 8
4500 101 3155 529 3932.0281524658203 0.4887474999999263 8
4600 101 3852 556 3867.6366560459137 0.48849749999992464 8
4700 101 3564 550 4460.321609258652 0.488247499999923 8
4800 101 4419 577 4174.794810295105 0.48799749999992137 8
4900 101 3538 542 3947.595304965973 0.48774749999991973 8
5000 101 3480 543 4144.2890701293945 0.4874974999999181 8
5100 101 2307 500 4082.389823436737 0.48724749999991646 8
5200 101 3351 537 4371.598583936691 0.4869974999999148 8
5300 101 3126 529 3960.807924747467 0.4867474999999132 8
5400 101 3535 542 4366.851957321167 0.48649749999991154 8
5500 101 3294 538 4319.7172310352325 0.4862474999999099 8
5600 101 1533 470 4153.347053766251 0.48599749999990827 8
5700 101 2088 493 4197.191789388657 0.48574749999990663 8
5800 101 2232 499 4166.226467132568 0.485497499999905 8
5900 101 2381 510 4230.4289021492 0.48524749999990335 8
6000 101 3473 544 4191.988598108292 0.4849974999999017 8
6100 101 3188 534 4425.853074550629 0.4847474999999001 8
6200 101 3529 548 4887.015030622482 0.48449749999989844 8
6300 101 4136 568 4019.652497768402 0.4842474999998968 8
6400 101 3338 542 4399.135733604431 0.48399749999989516 8
6500 101 3158 534 4223.675016403198 0.4837474999998935 8
6600 101 3132 530 4376.4636442661285 0.4834974999998919 8
6700 101 3024 527 4527.732370376587 0.48324749999989025 8
6800 101 2839 522 4585.163245677948 0.4829974999998886 8
6900 101 4066 566 4975.5076270103455 0.482747499999887 8
7000 101 3762 553 4306.22646021843 0.48249749999988534 8
7100 101 4371 577 4035.9164242744446 0.4822474999998837 8
7200 101 3812 556 3881.10990691185 0.48199749999988206 8
7300 101 3797 558 4241.733516693115 0.4817474999998804 8
7400 101 3769 554 4214.507227182388 0.4814974999998788 8
7500 101 3547 548 4008.7194764614105 0.48124749999987715 8
7600 101 4067 566 4277.15416264534 0.4809974999998755 8
7700 101 4231 573 4361.954644918442 0.4807474999998739 8
7800 101 3545 547 4041.2686529159546 0.48049749999987224 8
7900 101 4109 566 4180.35565495491 0.4802474999998706 8
8000 101 4428 580 4337.822858095169 0.47999749999986896 8
8100 101 4045 565 4658.3597819805145 0.4797474999998673 8
8200 101 3652 549 4307.887563705444 0.4794974999998657 8
8300 101 4194 571 4600.844708919525 0.47924749999986405 8
8400 101 4077 567 4406.0881497859955 0.4789974999998624 8
8500 101 3637 547 4152.4721693992615 0.47874749999986077 8
8600 101 3316 536 4550.308373451233 0.47849749999985913 8
8700 101 3830 556 4173.806057691574 0.4782474999998575 8
8800 101 3714 555 4762.839963674545 