cpu
0 101 -93 1 105.72848773002625 0.98999 8
100 101 -10563 45 7215.003497511148 0.9889900000000046 8
200 101 -10379 49 8030.530004307628 0.9879900000000091 8
300 101 -10259 55 8016.803204327822 0.9869900000000137 8
400 101 -10618 41 7056.654756516218 0.9859900000000182 8
500 101 -9919 63 9663.669496536255 0.9849900000000228 8
600 101 -10569 45 7168.64845110476 0.9839900000000273 8
700 101 -10371 51 8110.292829453945 0.9829900000000319 8
800 101 -10366 53 7600.022782847285 0.9819900000000364 8
900 101 -10583 42 6673.81945553422 0.980990000000041 8
1000 101 -10692 39 6146.03121471405 0.9799900000000455 8
1100 101 -9973 61 8242.964294672012 0.9789900000000501 8
1200 101 -10518 46 5938.417062237859 0.9779900000000546 8
1300 101 -10709 39 3182.831099510193 0.9769900000000592 8
1400 101 -10512 49 2896.0714238882065 0.9759900000000638 8
1500 101 -10351 53 3868.5250155180693 0.9749900000000683 8
1600 101 -10751 38 3764.5501505434513 0.9739900000000729 8
1700 101 -10534 47 3961.785038590431 0.9729900000000774 8
1800 101 -10730 41 3303.8785740435123 0.971990000000082 8
1900 101 -10489 45 3860.7848169207573 0.9709900000000865 8
2000 101 -10760 38 3041.431305155158 0.9699900000000911 8
2100 101 -10354 55 4053.9302883148193 0.9689900000000956 8
2200 101 -10548 46 3529.1356078386307 0.9679900000001002 8
2300 101 -10347 52 3634.750298023224 0.9669900000001047 8
2400 101 -10240 57 4421.947433233261 0.9659900000001093 8
2500 101 -10747 40 3283.644569993019 0.9649900000001138 8
2600 101 -10534 46 3040.877899169922 0.9639900000001184 8
2700 101 -10363 52 3184.8325338363647 0.9629900000001229 8
2800 101 -10573 46 2649.4987655878067 0.9619900000001275 8
2900 101 -10347 50 3179.7366099357605 0.960990000000132 8
3000 101 -10717 39 3019.5617378354073 0.9599900000001366 8
3100 101 -10409 53 2416.4789577126503 0.9589900000001411 8
3200 101 -10389 52 2865.3808714151382 0.9579900000001457 8
3300 101 -10482 48 3094.3010218143463 0.9569900000001502 8
3400 101 -10627 42 2189.672278434038 0.9559900000001548 8
3500 101 -10736 39 2725.22945779562 0.9549900000001593 8
3600 101 -10532 45 2189.374407887459 0.9539900000001639 8
3700 101 -10468 50 2532.9822261333466 0.9529900000001684 8
3800 101 -10436 52 2563.8598433732986 0.951990000000173 8
3900 101 -10373 54 2889.0804876089096 0.9509900000001775 8
4000 101 -10572 44 2208.916453063488 0.9499900000001821 8
4100 101 -10590 47 2325.5613404512405 0.9489900000001866 8
4200 101 -10508 45 2674.1499289274216 0.9479900000001912 8
4300 101 -10524 47 2357.804591655731 0.9469900000001957 8
4400 101 -10542 45 2606.1739052534103 0.9459900000002003 8
4500 101 -10316 55 2807.018375635147 0.9449900000002048 8
4600 101 -10257 58 2776.949110150337 0.9439900000002094 8
4700 101 -10362 53 2922.865715622902 0.9429900000002139 8
4800 101 -10336 55 2974.0520322322845 0.9419900000002185 8
4900 101 -10279 56 3232.2889878749847 0.940990000000223 8
5000 101 -10367 55 2845.4069902300835 0.9399900000002276 8
5100 101 -10348 53 2834.456472724676 0.9389900000002321 8
5200 101 -10578 44 2444.0273188352585 0.9379900000002367 8
5300 101 -10664 45 2744.279574394226 0.9369900000002412 8
5400 101 -10938 35 2576.7185382843018 0.9359900000002458 8
5500 101 -10553 46 3354.7388942837715 0.9349900000002503 8
5600 101 -10572 49 3183.2856498360634 0.9339900000002549 8
5700 101 -10811 39 2281.876401513815 0.9329900000002594 8
5800 101 -10666 40 2532.126404464245 0.931990000000264 8
5900 101 -10706 45 3060.3801968097687 0.9309900000002685 8
6000 101 -10674 47 3046.071222245693 0.9299900000002731 8
6100 101 -10527 48 3316.749294102192 0.9289900000002776 8
6200 101 -10470 51 3420.7775097191334 0.9279900000002822 8
6300 101 -10728 47 2804.6968017220497 0.9269900000002868 8
6400 101 -10846 39 3021.5261655151844 0.9259900000002913 8
6500 101 -10144 60 3658.3893033862114 0.9249900000002959 8
6600 101 -10494 51 3541.630374789238 0.9239900000003004 8
6700 101 -10310 55 3465.248663544655 0.922990000000305 8
6800 101 -10647 44 2792.929602712393 0.9219900000003095 8
6900 101 -10193 60 3038.429372906685 0.9209900000003141 8
7000 101 -10471 52 3525.604263782501 0.9199900000003186 8
7100 101 -10785 42 3524.016720890999 0.9189900000003232 8
7200 101 -10725 44 3122.1607562303543 0.9179900000003277 8
7300 101 -10818 42 3810.1263394355774 0.9169900000003323 8
7400 101 -10420 56 4028.2137541770935 0.9159900000003368 8
7500 101 -10622 50 3721.3020035624504 0.9149900000003414 8
7600 101 -10353 58 4254.369473457336 0.9139900000003459 8
7700 101 -10870 41 2639.550174832344 0.9129900000003505 8
7800 101 -10784 41 3284.396244287491 0.911990000000355 8
7900 101 -11087 32 3256.96817111969 0.9109900000003596 8
8000 101 -10659 46 2887.1338064670563 0.9099900000003641 8
8100 101 -10864 40 3212.344547510147 0.9089900000003687 8
8200 101 -10544 48 3581.9200423955917 0.9079900000003732 8
8300 101 -10367 55 3692.2364715337753 0.9069900000003778 8
8400 101 -10761 40 2859.017184317112 0.9059900000003823 8
8500 101 -10763 45 3196.337362408638 0.9049900000003869 8
8600 101 -10634 50 3730.570156097412 0.9039900000003914 8
8700 101 -10791 44 3344.1043256521225 0.902990000000396 8
8800 101 -10556 51 3256.0637316703796 0.9019900000004005 8
8900 101 -10590 51 3301.9396317005157 0.9009900000004051 8
9000 101 -10764 45 2792.848513484001 0.8999900000004096 8
9100 101 -10470 51 3728.424263238907 0.8989900000004142 8
9200 101 -10717 47 4091.9894889593124 0.8979900000004187 8
9300 101 -10590 53 3929.837086558342 0.8969900000004233 8
9400 101 -11074 38 2742.8284678459167 0.8959900000004278 8
9500 101 -10882 39 2774.090289771557 0.8949900000004324 8
9600 101 -10908 41 3108.2043520212173 0.8939900000004369 8
9700 101 -10846 43 3325.570825099945 0.8929900000004415 8
9800 101 -10856 45 3252.357847571373 0.891990000000446 8
9900 101 -10684 47 3051.7425178289413 0.8909900000004506 8
0 101 -98 1 45.14035081863403 0.8999900000000001 8
100 101 -11153 31 2290.941580057144 0.8989900000000046 8
200 101 -10824 41 2333.19696611166 0.8979900000000092 8
300 101 -10763 48 3023.605427503586 0.8969900000000137 8
400 101 -10690 46 2609.043299436569 0.8959900000000183 8
500 101 -10768 45 3069.7202330827713 0.8949900000000228 8
600 101 -10652 51 2805.368570446968 0.8939900000000274 8
700 101 -10907 38 2544.295381426811 0.8929900000000319 8
800 101 -10838 42 2611.071935236454 0.8919900000000365 8
900 101 -10830 44 2644.4729969501495 0.890990000000041 8
1000 101 -10956 42 2809.72294151783 0.8899900000000456 8
1100 101 -10679 49 3947.710169196129 0.8889900000000501 8
1200 101 -10935 38 2986.384562730789 0.8879900000000547 8
1300 101 -10978 42 3275.306742787361 0.8869900000000592 8
1400 101 -10516 58 3647.6783516407013 0.8859900000000638 8
1500 101 -10851 43 3403.757758498192 0.8849900000000683 8
1600 101 -10806 47 3556.0156686306 0.8839900000000729 8
1700 101 -11251 32 2246.7637823224068 0.8829900000000774 8
1800 101 -10925 38 2606.865643978119 0.881990000000082 8
1900 101 -10950 42 2914.725131213665 0.8809900000000865 8
2000 101 -10717 54 3242.9980403780937 0.8799900000000911 8
2100 101 -11146 37 2984.8720771074295 0.8789900000000956 8
2200 101 -11081 33 3322.789728164673 0.8779900000001002 8
2300 101 -11014 39 3092.285094857216 0.8769900000001047 8
2400 101 -10960 40 3566.3784594535828 0.8759900000001093 8
2500 101 -11021 39 3044.79021692276 0.8749900000001138 8
2600 101 -10792 47 3148.717393875122 0.8739900000001184 8
2700 101 -10727 52 3225.3444813489914 0.872990000000123 8
2800 101 -10935 38 2717.157658934593 0.8719900000001275 8
2900 101 -11264 33 2687.046659588814 0.870990000000132 8
3000 101 -11047 38 2571.237519979477 0.8699900000001366 8
3100 101 -10801 52 2914.8308205604553 0.8689900000001411 8
3200 101 -10877 46 2854.160844564438 0.8679900000001457 8
3300 101 -11102 40 2737.0119885206223 0.8669900000001503 8
3400 101 -11298 34 2481.1742548942566 0.8659900000001548 8
3500 101 -10671 55 3355.791457772255 0.8649900000001594 8
3600 101 -11048 42 2609.7182519435883 0.8639900000001639 8
3700 101 -10924 43 2873.8656482696533 0.8629900000001685 8
3800 101 -11112 37 2224.5898346304893 0.861990000000173 8
3900 101 -11017 47 2828.4739215373993 0.8609900000001776 8
4000 101 -11109 44 2978.5985001325607 0.8599900000001821 8
4100 101 -11129 40 2264.727209329605 0.8589900000001867 8
4200 101 -11134 38 2673.6167788505554 0.8579900000001912 8
4300 101 -10923 46 3387.59057366848 0.8569900000001958 8
4400 101 -10879 48 3123.182298898697 0.8559900000002003 8
4500 101 -11082 45 2825.646623849869 0.8549900000002049 8
4600 101 -11279 35 2675.21537399292 0.8539900000002094 8
4700 101 -10717 54 3064.688028216362 0.852990000000214 8
4800 101 -11217 40 2591.950522840023 0.8519900000002185 8
4900 101 -11181 41 2972.3969510793686 0.8509900000002231 8
5000 101 -11033 47 2975.077192425728 0.8499900000002276 8
5100 101 -11215 43 2958.268236517906 0.8489900000002322 8
5200 101 -11071 46 2608.013243317604 0.8479900000002367 8
5300 101 -11084 42 2853.4645587205887 0.8469900000002413 8
5400 101 -11114 48 2749.758409500122 0.8459900000002458 8
5500 101 -11193 35 2564.883415699005 0.8449900000002504 8
5600 101 -11287 38 2256.396209359169 0.8439900000002549 8
5700 101 -11040 43 2469.5279933810234 0.8429900000002595 8
5800 101 -11089 43 2739.8521852493286 0.841990000000264 8
5900 101 -11151 39 2371.4593633413315 0.8409900000002686 8
6000 101 -10950 49 3006.6399273872375 0.8399900000002731 8
6100 101 -11212 35 2571.3011317253113 0.8389900000002777 8
6200 101 -11169 42 2766.9497933387756 0.8379900000002822 8
6300 101 -11581 30 2301.7798384428024 0.8369900000002868 8
6400 101 -11016 46 2667.10567009449 0.8359900000002913 8
6500 101 -11347 37 2425.3420181274414 0.8349900000002959 8
6600 101 -11143 41 2860.758446753025 0.8339900000003004 8
6700 101 -11225 44 2580.6732335686684 0.832990000000305 8
6800 101 -11400 31 2485.3099839687347 0.8319900000003095 8
6900 101 -11212 39 2799.2702366113663 0.8309900000003141 8
7000 101 -11379 36 2372.203614771366 0.8299900000003186 8
7100 101 -11373 33 2163.5320491194725 0.8289900000003232 8
7200 101 -11137 42 3071.904013812542 0.8279900000003277 8
7300 101 -11506 31 2043.9489207267761 0.8269900000003323 8
7400 101 -11446 35 1912.586887896061 0.8259900000003368 8
7500 101 -11218 44 2114.801593899727 0.8249900000003414 8
7600 101 -11532 29 1870.3483363986015 0.823990000000346 8
7700 101 -11237 42 2729.669980585575 0.8229900000003505 8
7800 101 -11452 37 2595.5593476891518 0.821990000000355 8
7900 101 -11703 27 1670.4064683318138 0.8209900000003596 8
8000 101 -11451 36 2053.4299474954605 0.8199900000003641 8
8100 101 -11256 43 2419.329475045204 0.8189900000003687 8
8200 101 -11572 32 2287.564834654331 0.8179900000003733 8
8300 101 -11777 25 1950.4166533052921 0.8169900000003778 8
8400 101 -11473 35 2066.956661552191 0.8159900000003824 8
8500 101 -11583 32 2083.9009432792664 0.8149900000003869 8
8600 101 -11224 45 2899.57627671957 0.8139900000003915 8
8700 101 -11443 41 2478.4715283811092 0.812990000000396 8
8800 101 -11529 37 2280.3572115898132 0.8119900000004006 8
8900 101 -11202 47 2883.345235109329 0.8109900000004051 8
9000 101 -11574 36 2251.4797120690346 0.8099900000004097 8
9100 101 -11304 42 3148.8904278576374 0.8089900000004142 8
9200 101 -11503 35 2887.2968733906746 0.8079900000004188 8
9300 101 -11552 35 2435.0716940164566 0.8069900000004233 8
9400 101 -11200 44 2697.158539533615 0.8059900000004279 8
9500 101 -11824 31 1809.608638882637 0.8049900000004324 8
9600 101 -11649 36 2293.5322994589806 0.803990000000437 8
9700 101 -11808 28 2284.8236674666405 0.8029900000004415 8
9800 101 -11808 32 2477.079599916935 0.8019900000004461 8
9900 101 -11520 37 2422.2232928574085 0.8009900000004506 8
0 101 -114 0 22.032397031784058 0.7999900000000001 8
100 101 -11751 31 2086.327321201563 0.7989900000000046 8
200 101 -11531 37 2657.9882395267487 0.7979900000000092 8
300 101 -11742 30 2406.4892857670784 0.7969900000000137 8
400 101 -11749 30 2689.234093606472 0.7959900000000183 8
500 101 -11768 34 1990.8005638718605 0.7949900000000228 8
600 101 -11699 31 2635.698046684265 0.7939900000000274 8
700 101 -11777 28 2647.9216478466988 0.792990000000032 8
800 101 -11529 41 3292.9030644893646 0.7919900000000365 8
900 101 -11420 44 2575.5861817598343 0.790990000000041 8
1000 101 -11637 37 2895.465183198452 0.7899900000000456 8
1100 101 -11840 36 2446.6174622774124 0.7889900000000502 8
1200 101 -11774 33 2051.1741967201233 0.7879900000000547 8
1300 101 -11709 40 2458.9575350284576 0.7869900000000593 8
1400 101 -11862 29 1971.6128607988358 0.7859900000000638 8
1500 101 -11670 36 2242.9274421930313 0.7849900000000684 8
1600 101 -11852 34 2662.7274940013885 0.7839900000000729 8
1700 101 -11438 46 2311.9886962771416 0.7829900000000775 8
1800 101 -12122 25 2061.492688179016 0.781990000000082 8
1900 101 -11534 42 2491.4275918006897 0.7809900000000866 8
2000 101 -12011 26 1753.120766401291 0.7799900000000911 8
2100 101 -11900 30 1804.084841877222 0.7789900000000957 8
2200 101 -11830 36 1977.026095688343 0.7779900000001002 8
2300 101 -11468 40 2381.2493963241577 0.7769900000001048 8
2400 101 -12095 29 1938.9147868454456 0.7759900000001093 8
2500 101 -11796 42 2424.488686591387 0.7749900000001139 8
2600 101 -11825 40 2548.5789325237274 0.7739900000001184 8
2700 101 -12112 27 1846.6604214310646 0.772990000000123 8
2800 101 -11766 38 2708.862982213497 0.7719900000001275 8
2900 101 -11957 32 2131.3412740826607 0.7709900000001321 8
3000 101 -11855 32 2327.2639321684837 0.7699900000001366 8
3100 101 -12126 24 1940.177716434002 0.7689900000001412 8
3200 101 -12060 31 2111.0471270680428 0.7679900000001457 8
3300 101 -11863 38 2460.55171751976 0.7669900000001503 8
3400 101 -11967 35 2378.2010298371315 0.7659900000001548 8
3500 101 -12036 28 2193.561903268099 0.7649900000001594 8
3600 101 -12080 28 2220.0581951141357 0.7639900000001639 8
3700 101 -11887 37 2988.1223814487457 0.7629900000001685 8
3800 101 -11720 37 2951.881190419197 0.761990000000173 8
3900 101 -12199 27 2056.921958088875 0.7609900000001776 8
4000 101 -11850 41 2823.8922941088676 0.7599900000001821 8
4100 101 -12145 29 2415.8436558246613 0.7589900000001867 8
4200 101 -12014 29 2163.8979590535164 0.7579900000001912 8
4300 101 -11316 50 3734.925099015236 0.7569900000001958 8
4400 101 -11825 41 3338.254466176033 0.7559900000002003 8
4500 101 -11860 38 2513.4512855410576 0.7549900000002049 8
4600 101 -12015 31 2244.409431874752 0.7539900000002094 8
4700 101 -12112 30 1920.295808851719 0.752990000000214 8
4800 101 -12215 24 2207.0142761468887 0.7519900000002185 8
4900 101 -12125 28 2083.2247024178505 0.7509900000002231 8
5000 101 -12019 33 2381.2938263118267 0.7499900000002276 8
5100 101 -12009 37 2477.2748757898808 0.7489900000002322 8
5200 101 -12044 32 2426.814066052437 0.7479900000002367 8
5300 101 -12246 28 2803.5170027017593 0.7469900000002413 8
5400 101 -12280 26 1978.1307229995728 0.7459900000002458 8
5500 101 -12109 30 2660.7138690948486 0.7449900000002504 8
5600 101 -12421 26 2028.9228057265282 0.743990000000255 8
5700 101 -12128 29 2387.2698287963867 0.7429900000002595 8
5800 101 -11854 41 2564.178335428238 0.741990000000264 8
5900 101 -11852 43 2775.1096711158752 0.7409900000002686 8
6000 101 -11935 40 2874.569086611271 0.7399900000002732 8
6100 101 -12490 23 1694.5087186694145 0.7389900000002777 8
6200 101 -12462 23 1586.75270819664 0.7379900000002823 8
6300 101 -12097 32 2401.552133142948 0.7369900000002868 8
6400 101 -12124 38 2596.5669355988503 0.7359900000002914 8
6500 101 -12084 37 2470.899053454399 0.7349900000002959 8
6600 101 -12610 24 2030.8998119235039 0.7339900000003005 8
6700 101 -12559 22 2298.1550998985767 0.732990000000305 8
6800 101 -12015 34 2421.8887120485306 0.7319900000003096 8
6900 101 -12046 37 2128.1204386353493 0.7309900000003141 8
7000 101 -12192 37 2450.078782081604 0.7299900000003187 8
7100 101 -12160 35 2692.4090831279755 0.7289900000003232 8
7200 101 -12491 22 2598.3152601122856 0.7279900000003278 8
7300 101 -12546 24 2958.015511393547 0.7269900000003323 8
7400 101 -11985 34 2731.0181564092636 0.7259900000003369 8
7500 101 -12321 27 2556.5112785100937 0.7249900000003414 8
7600 101 -12149 38 2802.626092672348 0.723990000000346 8
7700 101 -12146 35 2782.651166498661 0.7229900000003505 8
7800 101 -12264 31 2401.742815375328 0.7219900000003551 8
7900 101 -12287 38 2240.11019718647 0.7209900000003596 8
8000 101 -12327 27 2691.175024867058 0.7199900000003642 8
8100 101 -12601 26 1818.6291803717613 0.7189900000003687 8
8200 101 -12247 31 2332.3796973228455 0.7179900000003733 8
8300 101 -12415 29 1665.7294811606407 0.7169900000003778 8
8400 101 -12467 26 1817.7523386478424 0.7159900000003824 8
8500 101 -12055 39 2668.936857700348 0.7149900000003869 8
8600 101 -12183 33 3068.655871987343 0.7139900000003915 8
8700 101 -12312 30 2544.026150584221 0.712990000000396 8
8800 101 -12538 26 2480.9638971090317 0.7119900000004006 8
8900 101 -12411 30 1964.2160058617592 0.7109900000004051 8
9000 101 -12663 27 2187.0950387716293 0.7099900000004097 8
9100 101 -12158 36 2891.049197435379 0.7089900000004142 8
9200 101 -12649 25 2346.626217484474 0.7079900000004188 8
9300 101 -12510 26 2027.0234371125698 0.7069900000004233 8
9400 101 -12276 37 2642.5588408708572 0.7059900000004279 8
9500 101 -12297 35 2928.465712428093 0.7049900000004324 8
9600 101 -12746 25 2164.0622819662094 0.703990000000437 8
9700 101 -12482 27 2185.957217693329 0.7029900000004415 8
9800 101 -12471 33 2346.8353945612907 0.7019900000004461 8
9900 101 -12498 30 2438.4766397476196 0.7009900000004506 8
0 101 -121 0 8.742152452468872 0.69999 8
100 101 -12942 18 1660.8084956407547 0.6989900000000046 8
200 101 -12893 17 1807.3348225951195 0.6979900000000091 8
300 101 -12432 32 2252.3850626945496 0.6969900000000137 8
400 101 -12919 19 2205.163438975811 0.6959900000000182 8
500 101 -12630 31 2364.1805586218834 0.6949900000000228 8
600 101 -12687 25 2578.1362274885178 0.6939900000000273 8
700 101 -12394 32 2799.3441730737686 0.6929900000000319 8
800 101 -12693 27 2515.986623287201 0.6919900000000364 8
900 101 -12545 27 2529.2421165704727 0.690990000000041 8
1000 101 -12825 21 2260.664338827133 0.6899900000000455 8
1100 101 -12521 30 2323.9024243354797 0.6889900000000501 8
1200 101 -12620 28 2143.3058993816376 0.6879900000000546 8
1300 101 -12818 22 1788.9071132540703 0.6869900000000592 8
1400 101 -12810 25 2110.849474787712 0.6859900000000637 8
1500 101 -12821 29 2488.2981667518616 0.6849900000000683 8
1600 101 -12830 24 2161.7990769147873 0.6839900000000728 8
1700 101 -12812 24 2299.387027978897 0.6829900000000774 8
1800 101 -12592 32 2806.889452457428 0.6819900000000819 8
1900 101 -12358 35 2797.3802688121796 0.6809900000000865 8
2000 101 -12815 18 2172.3944578766823 0.679990000000091 8
2100 101 -13229 16 1548.398281365633 0.6789900000000956 8
2200 101 -12739 27 1979.620325922966 0.6779900000001001 8
2300 101 -12606 30 2108.4317403435707 0.6769900000001047 8
2400 101 -12672 28 2610.4575798511505 0.6759900000001092 8
2500 101 -12576 32 2083.7779978513718 0.6749900000001138 8
2600 101 -12976 19 1827.3591586351395 0.6739900000001183 8
2700 101 -12635 32 2489.1821205317974 0.6729900000001229 8
2800 101 -12910 22 1710.5834413170815 0.6719900000001274 8
2900 101 -13055 21 1793.9020459651947 0.670990000000132 8
3000 101 -12677 28 1856.8733893632889 0.6699900000001365 8
3100 101 -12536 34 2725.892624795437 0.6689900000001411 8
3200 101 -12621 30 2510.730286359787 0.6679900000001456 8
3300 101 -12684 28 2641.387840926647 0.6669900000001502 8
3400 101 -12867 25 2624.059175670147 0.6659900000001547 8
3500 101 -13112 24 2248.738717108965 0.6649900000001593 8
3600 101 -13156 23 2057.4145264029503 0.6639900000001638 8
3700 101 -12984 22 2034.512479364872 0.6629900000001684 8
3800 101 -13223 18 1699.957473397255 0.6619900000001729 8
3900 101 -13016 23 1981.6013172268867 0.6609900000001775 8
4000 101 -13223 19 2227.6745297312737 0.659990000000182 8
4100 101 -13151 17 2032.2842582464218 0.6589900000001866 8
4200 101 -13199 19 1875.2613960206509 0.6579900000001911 8
4300 101 -13085 24 2031.8592544198036 0.6569900000001957 8
4400 101 -12945 32 1954.3298321962357 0.6559900000002002 8
4500 101 -12920 25 2107.398111462593 0.6549900000002048 8
4600 101 -13001 28 2210.1696738004684 0.6539900000002093 8
4700 101 -13053 22 2080.64256554842 0.6529900000002139 8
4800 101 -13228 21 2076.2085768580437 0.6519900000002185 8
4900 101 -13299 18 1712.2947862148285 0.650990000000223 8
5000 101 -13458 18 1921.1220631599426 0.6499900000002276 8
5100 101 -12757 31 2652.1250873208046 0.6489900000002321 8
5200 101 -13495 11 1654.793904274702 0.6479900000002367 8
5300 101 -13377 20 2246.945377767086 0.6469900000002412 8
5400 101 -12756 33 2755.4256350398064 0.6459900000002458 8
5500 101 -13286 21 2143.5266299545765 0.6449900000002503 8
5600 101 -13165 22 2208.3195226192474 0.6439900000002549 8
5700 101 -13301 22 2220.098560541868 0.6429900000002594 8
5800 101 -13292 22 2074.638576567173 0.641990000000264 8
5900 101 -13105 22 2447.7806664705276 0.6409900000002685 8
6000 101 -13142 25 2200.4174506664276 0.6399900000002731 8
6100 101 -13747 10 1686.4933894872665 0.6389900000002776 8
6200 101 -13248 18 2256.5183139443398 0.6379900000002822 8
6300 101 -13262 22 2222.5245307683945 0.6369900000002867 8
6400 101 -13346 20 2037.9840493798256 0.6359900000002913 8
6500 101 -12977 27 2797.1670504808426 0.6349900000002958 8
6600 101 -13172 26 2161.052513539791 0.6339900000003004 8
6700 101 -13106 28 2019.0156338214874 0.6329900000003049 8
6800 101 -13300 23 2282.3522104024887 0.6319900000003095 8
6900 101 -13298 24 2165.6858716011047 0.630990000000314 8
7000 101 -13424 18 1774.2824823856354 0.6299900000003186 8
7100 101 -13475 24 1697.3903358280659 0.6289900000003231 8
7200 101 -13521 17 1645.9369232654572 0.6279900000003277 8
7300 101 -13528 18 1555.7470818459988 0.6269900000003322 8
7400 101 -13620 15 1804.2837275862694 0.6259900000003368 8
7500 101 -13767 17 1447.7112553417683 0.6249900000003413 8
7600 101 -13472 24 2243.065014153719 0.6239900000003459 8
7700 101 -13546 21 2072.9325939416885 0.6229900000003504 8
7800 101 -13495 19 2089.973862051964 0.621990000000355 8
7900 101 -13498 24 2135.5140390992165 0.6209900000003595 8
8000 101 -13558 19 2264.506298959255 0.6199900000003641 8
8100 101 -13741 12 1576.4653620123863 0.6189900000003686 8
8200 101 -13653 19 1453.942314773798 0.6179900000003732 8
8300 101 -13300 30 2356.5458222031593 0.6169900000003777 8
8400 101 -13545 21 2160.3610115647316 0.6159900000003823 8
8500 101 -13740 17 1685.9997002482414 0.6149900000003868 8
8600 101 -13545 17 1869.705932021141 0.6139900000003914 8
8700 101 -13543 24 1881.2173311710358 0.6129900000003959 8
8800 101 -13640 18 1763.1963168680668 0.6119900000004005 8
8900 101 -13737 16 1610.1250091791153 0.610990000000405 8
9000 101 -13455 24 1695.8293831944466 0.6099900000004096 8
9100 101 -13564 20 1607.3033502101898 0.6089900000004141 8
9200 101 -13708 17 1305.5186450481415 0.6079900000004187 8
9300 101 -13777 15 1799.0509437918663 0.6069900000004232 8
9400 101 -13851 14 1414.490603029728 0.6059900000004278 8
9500 101 -13343 27 1843.2671382427216 0.6049900000004323 8
9600 101 -13549 21 1722.4280950725079 0.6039900000004369 8
9700 101 -13703 20 1780.8820416033268 0.6029900000004415 8
9800 101 -13538 27 2107.813756287098 0.601990000000446 8
9900 101 -13710 18 1743.9728841781616 0.6009900000004506 8
0 101 -147 0 13.548098087310791 0.59999 8
100 101 -13596 24 2810.479625016451 0.5989900000000046 8
200 101 -13759 20 1702.1260350346565 0.5979900000000091 8
300 101 -13668 20 2794.2272390425205 0.5969900000000137 8
400 101 -13668 25 2474.811910510063 0.5959900000000182 8
500 101 -13747 15 2032.367920845747 0.5949900000000228 8
600 101 -13750 20 1799.2965344190598 0.5939900000000273 8
700 101 -13626 24 2023.6963506937027 0.5929900000000319 8
800 101 -13909 17 1949.9021834731102 0.5919900000000364 8
900 101 -13856 16 1934.093046337366 0.590990000000041 8
1000 101 -14021 14 1740.3834108412266 0.5899900000000455 8
1100 101 -13830 20 1784.2035214304924 0.5889900000000501 8
1200 101 -13895 20 1885.2620599269867 0.5879900000000546 8
1300 101 -14057 16 1559.1947997510433 0.5869900000000592 8
1400 101 -13807 25 2018.9620752632618 0.5859900000000637 8
1500 101 -14065 16 1819.2200992107391 0.5849900000000683 8
1600 101 -14025 19 2021.0063504576683 0.5839900000000728 8
1700 101 -13791 19 1889.6882882714272 0.5829900000000774 8
1800 101 -13972 15 1764.9017149209976 0.5819900000000819 8
1900 101 -14234 13 1068.929487168789 0.5809900000000865 8
2000 101 -13993 18 1540.3440674245358 0.579990000000091 8
2100 101 -14102 17 1967.3378317952156 0.5789900000000956 8
2200 101 -13838 22 1886.4317586421967 0.5779900000001001 8
2300 101 -14180 14 1591.9733431339264 0.5769900000001047 8
2400 101 -13927 23 2230.0537386238575 0.5759900000001092 8
2500 101 -14007 19 1557.7450731396675 0.5749900000001138 8
2600 101 -13833 19 1911.7585918605328 0.5739900000001183 8
2700 101 -14233 14 1544.2070520818233 0.5729900000001229 8
2800 101 -13654 33 2202.388273924589 0.5719900000001275 8
2900 101 -14221 13 1530.8039837181568 0.570990000000132 8
3000 101 -13782 22 1675.7752850353718 0.5699900000001366 8
3100 101 -13835 24 2170.400921136141 0.5689900000001411 8
3200 101 -14447 10 1559.6043482422829 0.5679900000001457 8
3300 101 -13939 18 1659.0440638959408 0.5669900000001502 8
3400 101 -14006 21 1989.615054577589 0.5659900000001548 8
3500 101 -14307 12 1693.2000585794449 0.5649900000001593 8
3600 101 -14308 15 1616.4442768394947 0.5639900000001639 8
3700 101 -13845 27 1759.608815908432 0.5629900000001684 8
3800 101 -14276 16 1456.2208027541637 0.561990000000173 8
3900 101 -14199 16 1877.0079254508018 0.5609900000001775 8
4000 101 -13970 25 1962.065400660038 0.5599900000001821 8
4100 101 -14022 21 1975.875398606062 0.5589900000001866 8
4200 101 -14010 23 2072.695055991411 0.5579900000001912 8
4300 101 -14225 17 2312.6305229365826 0.5569900000001957 8
4400 101 -13999 18 1606.4535105526447 0.5559900000002003 8
4500 101 -14404 9 1387.1805494129658 0.5549900000002048 8
4600 101 -14219 19 1618.8186182677746 0.5539900000002094 8
4700 101 -14173 21 2202.0240099728107 0.5529900000002139 8
4800 101 -14314 13 1441.489762544632 0.5519900000002185 8
4900 101 -13926 26 1869.7599555253983 0.550990000000223 8
5000 101 -14102 15 1841.964082568884 0.5499900000002276 8
5100 101 -14363 16 1811.9900726675987 0.5489900000002321 8
5200 101 -14200 21 1506.926161468029 0.5479900000002367 8
5300 101 -14201 17 1510.1249336898327 0.5469900000002412 8
5400 101 -14421 16 1371.938801229 0.5459900000002458 8
5500 101 -14198 17 1398.1316930055618 0.5449900000002503 8
5600 101 -14309 17 1464.6004338860512 0.5439900000002549 8
5700 101 -14405 9 2037.4724735617638 0.5429900000002594 8
5800 101 -14217 23 2077.0706385076046 0.541990000000264 8
5900 101 -14440 14 1750.8885382413864 0.5409900000002685 8
6000 101 -13963 21 2175.400934010744 0.5399900000002731 8
6100 101 -13966 25 1873.162670403719 0.5389900000002776 8
6200 101 -14329 15 1474.1988252997398 0.5379900000002822 8
6300 101 -14211 18 1910.4556233882904 0.5369900000002867 8
6400 101 -14534 13 1589.7530339360237 0.5359900000002913 8
6500 101 -14135 25 2066.3107763826847 0.5349900000002958 8
6600 101 -14639 14 1464.9470514059067 0.5339900000003004 8
6700 101 -14660 10 1378.9322954416275 0.5329900000003049 8
6800 101 -14386 19 1842.2845423221588 0.5319900000003095 8
6900 101 -14541 13 1604.8798273205757 0.530990000000314 8
7000 101 -14194 24 2073.5042338967323 0.5299900000003186 8
7100 101 -14519 12 1940.5424490571022 0.5289900000003231 8
7200 101 -14317 23 1848.2105802297592 0.5279900000003277 8
7300 101 -14505 16 1889.8309006094933 0.5269900000003322 8
7400 101 -14496 12 1759.4515845179558 0.5259900000003368 8
7500 101 -14478 14 1607.271493434906 0.5249900000003414 8
7600 101 -14471 17 2047.6824398636818 0.5239900000003459 8
7700 101 -14439 18 2127.201577335596 0.5229900000003505 8
7800 101 -14542 11 1708.5846328139305 0.521990000000355 8
7900 101 -14536 15 1867.2346933186054 0.5209900000003596 8
8000 101 -14431 15 1675.2968219518661 0.5199900000003641 8
8100 101 -14783 12 1323.2436087429523 0.5189900000003687 8
8200 101 -14675 17 2041.9611219465733 0.5179900000003732 8
8300 101 -14421 18 1947.7103991508484 0.5169900000003778 8
8400 101 -14630 15 1539.0432293117046 0.5159900000003823 8
8500 101 -14601 16 1629.9803061783314 0.5149900000003869 8
8600 101 -14781 12 1650.8932592272758 0.5139900000003914 8
8700 101 -14666 17 1614.7765818834305 0.512990000000396 8
8800 101 -14372 23 2308.1076560914516 0.5119900000004005 8
8900 101 -14777 12 1569.3558649122715 0.5109900000004051 8
9000 101 -14677 16 1550.5705520808697 0.5099900000004096 8
9100 101 -14820 10 1413.7468195557594 0.5089900000004142 8
9200 101 -14676 15 1841.1616546809673 0.5079900000004187 8
9300 101 -14980 10 1476.6433550715446 0.5069900000004233 8
9400 101 -14323 23 2336.3031202554703 0.5059900000004278 8
9500 101 -14665 23 2386.4468935728073 0.5049900000004324 8
9600 101 -14597 19 1807.3849154412746 0.5039900000004369 8
9700 101 -14863 13 1717.129806816578 0.5029900000004415 8
9800 101 -14702 17 2049.1364915966988 0.501990000000446 8
9900 101 -14662 19 2385.788669526577 0.5009900000004506 8
0 101 -163 0 28.557828664779663 0.49999 8
100 101 -14712 18 1845.1957930028439 0.498989999999999 8
200 101 -14955 11 1609.3690935373306 0.497989999999998 8
300 101 -14846 15 1763.2939668297768 0.496989999999997 8
400 101 -14894 11 1825.8340951800346 0.495989999999996 8
500 101 -14792 13 2225.2058691978455 0.494989999999995 8
600 101 -14644 14 1544.6553829014301 0.493989999999994 8
700 101 -14695 15 1386.6825684010983 0.492989999999993 8
800 101 -14833 15 1477.816224038601 0.491989999999992 8
900 101 -15062 11 1478.8008915185928 0.490989999999991 8
1000 101 -14843 18 1666.7081901729107 0.48998999999999 8
1100 101 -15268 7 1421.9352027475834 0.488989999999989 8
1200 101 -15008 13 1298.5100634098053 0.487989999999988 8
1300 101 -14826 15 1948.7550072669983 0.486989999999987 8
1400 101 -14749 14 1486.6025323569775 0.485989999999986 8
1500 101 -14860 13 1203.215744793415 0.484989999999985 8
1600 101 -14824 14 1593.4161704778671 0.483989999999984 8
1700 101 -14996 11 1399.2943302690983 0.482989999999983 8
1800 101 -15055 11 1407.4543777108192 0.481989999999982 8
1900 101 -14937 16 1839.7721153497696 0.480989999999981 8
2000 101 -15014 9 1527.5557880699635 0.47998999999998 8
2100 101 -15123 16 1501.8404694199562 0.478989999999979 8
2200 101 -14895 17 1639.1319439411163 0.477989999999978 8
2300 101 -15164 13 1360.3789593577385 0.476989999999977 8
2400 101 -14869 18 1762.8082937300205 0.475989999999976 8
2500 101 -15025 14 1943.0150659680367 0.474989999999975 8
2600 101 -14912 13 1639.2713724970818 0.473989999999974 8
2700 101 -14955 16 1964.3550688028336 0.472989999999973 8
2800 101 -15038 13 1589.254560381174 0.471989999999972 8
2900 101 -15256 15 1596.7285686135292 0.470989999999971 8
3000 101 -15090 13 1599.414854079485 0.46998999999997 8
3100 101 -15138 14 1663.2160179316998 0.468989999999969 8
3200 101 -14931 21 1696.47712880373 0.467989999999968 8
3300 101 -15041 19 1551.3769686222076 0.466989999999967 8
3400 101 -15171 14 1638.955270498991 0.465989999999966 8
3500 101 -15134 15 2155.253572821617 0.464989999999965 8
3600 101 -15324 11 1391.2765393853188 0.463989999999964 8
3700 101 -15328 12 1310.3958493173122 0.462989999999963 8
3800 101 -14918 17 1793.9652395695448 0.461989999999962 8
3900 101 -15363 8 1510.52907538414 0.460989999999961 8
4000 101 -14865 22 2313.4501133561134 0.45998999999996 8
4100 101 -15135 17 1671.566565334797 0.458989999999959 8
4200 101 -15340 11 1646.7200703322887 0.457989999999958 8
4300 101 -15199 14 1750.6835841238499 0.456989999999957 8
4400 101 -15285 11 1505.5520476400852 0.455989999999956 8
4500 101 -15331 13 1702.0691423118114 0.454989999999955 8
4600 101 -15356 11 1567.2176024913788 0.453989999999954 8
4700 101 -15269 13 1602.4488418996334 0.452989999999953 8
4800 101 -15060 14 2112.250911772251 0.451989999999952 8
4900 101 -15411 8 1192.3192453086376 0.450989999999951 8
5000 101 -15284 11 1738.946314305067 0.44998999999995 8
5100 101 -15438 10 1177.2063514590263 0.448989999999949 8
5200 101 -15183 20 1603.3605899214745 0.447989999999948 8
5300 101 -15304 14 1298.446662813425 0.446989999999947 8
5400 101 -15428 12 1665.4290589988232 0.445989999999946 8
5500 101 -15502 9 1124.0318729877472 0.444989999999945 8
5600 101 -15379 12 2030.1821436583996 0.443989999999944 8
5700 101 -15265 16 2070.618704020977 0.442989999999943 8
5800 101 -15171 12 2165.6864492595196 0.441989999999942 8
5900 101 -15427 11 1678.2972982823849 0.440989999999941 8
6000 101 -15546 11 1816.9620703160763 0.43998999999994 8
6100 101 -15521 11 1292.2747348099947 0.438989999999939 8
6200 101 -15490 16 1483.2901363670826 0.437989999999938 8
6300 101 -15464 11 1493.06900665164 0.436989999999937 8
6400 101 -15588 10 1346.8174816071987 0.435989999999936 8
6500 101 -15569 16 1556.7667080163956 0.434989999999935 8
6600 101 -15424 14 1410.5840801596642 0.433989999999934 8
6700 101 -15557 11 1606.6285135000944 0.432989999999933 8
6800 101 -15244 18 1589.8087422847748 0.431989999999932 8
6900 101 -15558 12 1602.8786760568619 0.430989999999931 8
7000 101 -15568 10 1339.53789421916 0.42998999999993 8
7100 101 -15409 14 1521.8356607854366 0.428989999999929 8
7200 101 -15332 19 1913.1991110742092 0.427989999999928 8
7300 101 -15585 15 1244.8945508301258 0.426989999999927 8
7400 101 -15183 18 1820.2792863845825 0.425989999999926 8
7500 101 -15969 5 1024.2659089267254 0.424989999999925 8
7600 101 -15745 6 1172.6417429596186 0.423989999999924 8
7700 101 -15538 15 2035.9237856268883 0.422989999999923 8
7800 101 -15376 17 2094.3422491550446 0.421989999999922 8
7900 101 -15832 5 1324.688388288021 0.420989999999921 8
8000 101 -15293 21 2598.7906400561333 0.41998999999992 8
8100 101 -15538 15 1766.0562131404877 0.418989999999919 8
8200 101 -15336 19 2139.2661866247654 0.417989999999918 8
8300 101 -15612 10 1790.9025107324123 0.416989999999917 8
8400 101 -15607 11 1462.1927970051765 0.415989999999916 8
8500 101 -15561 13 1867.5449432134628 0.414989999999915 8
8600 101 -15888 4 1238.567860096693 0.413989999999914 8
8700 101 -15699 9 1430.847309499979 0.412989999999913 8
8800 101 -15351 15 2109.4895418584347 0.411989999999912 8
8900 101 -15712 13 1503.031613945961 0.410989999999911 8
9000 101 -15776 10 1571.3463875949383 0.40998999999991 8
9100 101 -15559 9 1670.2754540741444 0.408989999999909 8
9200 101 -15699 11 1316.3038520216942 0.407989999999908 8
9300 101 -15879 8 1614.8240233510733 0.406989999999907 8
9400 101 -15727 12 1601.6712338626385 0.405989999999906 8
9500 101 -15862 9 1450.3661126196384 0.404989999999905 8
9600 101 -15870 8 1295.1520709097385 0.403989999999904 8
9700 101 -15758 7 1419.189520418644 0.402989999999903 8
9800 101 -15591 10 1338.9998956620693 0.401989999999902 8
9900 101 -15798 11 1300.484174579382 0.400989999999901 8
0 101 -117 0 8.47728806734085 0.2 8
100 101 -10323 52 2962.7601316571236 0.2 8
200 101 -10232 59 2911.6123592853546 0.2 8
300 101 -10298 58 2807.7301713228226 0.2 8
400 101 -10513 45 2822.411119699478 0.2 8
500 101 -10430 49 3110.5819450616837 0.2 8
600 101 -10391 54 3067.05715739727 0.2 8
700 101 -10667 46 2636.1759853959084 0.2 8
800 101 -10272 54 3100.427995324135 0.2 8
900 101 -10448 48 2648.328361392021 0.2 8
1000 101 -10434 52 3217.871370077133 0.2 8
1100 101 -10457 51 3008.149805545807 0.2 8
1200 101 -10429 46 3036.741175174713 0.2 8
1300 101 -10498 47 2460.879931151867 0.2 8
1400 101 -10347 57 3205.0347032546997 0.2 8
1500 101 -10145 59 2966.632399082184 0.2 8
1600 101 -10289 54 2721.7628284692764 0.2 8
1700 101 -10443 53 2730.7180181741714 0.2 8
1800 101 -10396 51 3314.9834982156754 0.2 8
1900 101 -10489 51 2607.102629482746 0.2 8
2000 101 -10752 41 2706.529096186161 0.2 8
2100 101 -10431 48 2592.838813960552 0.2 8
2200 101 -10102 62 3389.3895686864853 0.2 8
2300 101 -10162 62 3944.533472418785 0.2 8
2400 101 -10418 51 2818.7564771175385 0.2 8
2500 101 -10432 52 3321.4844546318054 0.2 8
2600 101 -10724 41 3167.4405608177185 0.2 8
2700 101 -10707 43 3012.3685363531113 0.2 8
2800 101 -10438 53 2758.472435235977 0.2 8
2900 101 -10773 42 2623.669705271721 0.2 8
3000 101 -10595 46 3110.8939257860184 0.2 8
3100 101 -10484 49 3090.023251891136 0.2 8
3200 101 -10665 40 3060.8908323049545 0.2 8
3300 101 -10177 57 2824.97419154644 0.2 8
3400 101 -10797 38 3195.279702067375 0.2 8
3500 101 -10546 51 3482.5785784721375 0.2 8
3600 101 -10400 51 3301.11726051569 0.2 8
3700 101 -10663 41 2592.0739327669144 0.2 8
3800 101 -10393 54 3182.405191540718 0.2 8
3900 101 -10674 43 2755.3189512491226 0.2 8
4000 101 -10647 45 2878.7009177207947 0.2 8
4100 101 -10240 60 3906.329759836197 0.2 8
4200 101 -10653 41 3255.5637350082397 0.2 8
4300 101 -10473 50 3241.0042486190796 0.2 8
4400 101 -10600 45 3076.88745033741 0.2 8
4500 101 -10475 50 3269.994316279888 0.2 8
4600 101 -10704 44 3062.6024053692818 0.2 8
4700 101 -10483 45 3140.467173933983 0.2 8
4800 101 -10695 43 2769.734603047371 0.2 8
4900 101 -10293 50 2863.630423784256 0.2 8
5000 101 -10079 61 3488.330340385437 0.2 8
5100 101 -10128 64 3976.6788396835327 0.2 8
5200 101 -10513 48 2819.309326171875 0.2 8
5300 101 -10643 45 2860.7007443904877 0.2 8
5400 101 -10632 45 2862.6167542934418 0.2 8
5500 101 -10275 56 3502.3857743144035 0.2 8
5600 101 -10424 53 3305.1690527796745 0.2 8
5700 101 -10221 57 2606.4272534251213 0.2 8
5800 101 -10543 47 2724.002902984619 0.2 8
5900 101 -10729 42 2398.6020330786705 0.2 8
6000 101 -10223 57 3055.7675025463104 0.2 8
6100 101 -10676 44 2636.5333454608917 0.2 8
6200 101 -10311 53 2913.7007827162743 0.2 8
6300 101 -10286 57 2766.610531806946 0.2 8
6400 101 -10235 60 3651.5226603746414 0.2 8
6500 101 -10779 38 2607.142757475376 0.2 8
6600 101 -10525 48 2539.197070479393 0.2 8
6700 101 -10586 47 2808.3723757267 0.2 8
6800 101 -10697 47 2680.8360110521317 0.2 8
6900 101 -10417 50 2941.201593399048 0.2 8
7000 101 -10226 56 2913.0230358839035 0.2 8
7100 101 -10704 46 2633.020438313484 0.2 8
7200 101 -10364 54 3141.8410172462463 0.2 8
7300 101 -10662 44 3056.5572406053543 0.2 8
7400 101 -10284 56 3119.275667965412 0.2 8
7500 101 -10319 51 2949.7218037843704 0.2 8
7600 101 -10413 55 3302.4073860645294 0.2 8
7700 101 -10455 46 2835.348501086235 0.2 8
7800 101 -10612 41 2591.2857518196106 0.2 8
7900 101 -10545 51 2750.9901926517487 0.2 8
8000 101 -10273 55 2925.548930287361 0.2 8
8100 101 -10345 54 2886.9626072645187 0.2 8
8200 101 -10484 44 2427.662139415741 0.2 8
8300 101 -10412 51 3111.6242756843567 0.2 8
8400 101 -10489 48 2962.913840651512 0.2 8
8500 101 -10432 53 3147.7304438352585 0.2 8
8600 101 -10388 54 2542.1633825302124 0.2 8
8700 101 -10338 55 3323.889688849449 0.2 8
8800 101 -10463 52 2982.0431866645813 0.2 8
8900 101 -10482 49 2678.4094364643097 0.2 8
9000 101 -10296 54 3364.627032518387 0.2 8
9100 101 -10701 45 2892.9647421836853 0.2 8
9200 101 -10939 34 2975.6554505825043 0.2 8
9300 101 -10112 60 3260.1956040859222 0.2 8
9400 101 -10164 64 3646.2142305374146 0.2 8
9500 101 -10688 44 2736.4726065397263 0.2 8
9600 101 -10415 50 2767.1463156342506 0.2 8
9700 101 -10310 57 3356.150447487831 0.2 8
9800 101 -10440 54 3172.414330124855 0.2 8
9900 101 -10410 53 2812.3738054037094 0.2 8
10000 101 -10499 46 3575.536764383316 0.2 8
10100 101 -10526 48 2964.851439476013 0.2 8
10200 101 -10830 40 2805.822196125984 0.2 8
10300 101 -10727 43 2782.27899312973 0.2 8
10400 101 -10405 52 2812.8134919404984 0.2 8
10500 101 -10586 42 2528.7517824172974 0.2 8
10600 101 -10562 45 2414.107547879219 0.2 8
10700 101 -10557 46 2591.3526051044464 0.2 8
10800 101 -10436 52 2849.4254747629166 0.2 8
10900 101 -10359 54 2809.5471237897873 0.2 8
11000 101 -10480 47 2554.569522380829 0.2 8
11100 101 -10373 53 2797.5544440746307 0.2 8
11200 101 -10319 61 3009.8309845924377 0.2 8
11300 101 -10384 52 3463.966863512993 0.2 8
11400 101 -10256 56 3017.0422275066376 0.2 8
11500 101 -10285 55 2875.3580080270767 0.2 8
11600 101 -10158 65 3565.637543797493 0.2 8
11700 101 -10676 42 3355.802570581436 0.2 8
11800 101 -10602 46 3604.085970878601 0.2 8
11900 101 -10614 43 2983.0229613780975 0.2 8
12000 101 -10381 47 2926.6334702968597 0.2 8
12100 101 -10110 60 2941.494150519371 0.2 8
12200 101 -10677 40 2586.301948070526 0.2 8
12300 101 -10291 57 2824.160251736641 0.2 8
12400 101 -10306 56 3040.095571398735 0.2 8
12500 101 -10525 47 2505.0914871692657 0.2 8
12600 101 -10218 55 2683.1077521443367 0.2 8
12700 101 -10304 55 2963.116208434105 0.2 8
12800 101 -10433 56 3093.553583264351 0.2 8
12900 101 -10738 42 2842.114861726761 0.2 8
13000 101 -10223 54 2847.2757753133774 0.2 8
13100 101 -9866 70 2959.546705722809 0.2 8
13200 101 -10358 52 3129.7462029457092 0.2 8
13300 101 -10372 53 3096.1657851934433 0.2 8
13400 101 -10641 46 2778.1745022535324 0.2 8
13500 101 -10274 57 2887.6360948085785 0.2 8
13600 101 -10640 46 3043.7451263666153 0.2 8
13700 101 -10373 48 3053.8098126649857 0.2 8
13800 101 -10353 55 2631.416875243187 0.2 8
13900 101 -10134 61 3016.6050701141357