cpu
0 101 -120 0 7.266738176345825 0.98 8
0 101 -127 0 106.25794982910156 0.98999 8
100 101 -10478 45 7787.475563943386 0.9889900000000046 8
200 101 -10171 55 8354.008317410946 0.9879900000000091 8
300 101 -10448 52 6891.723272070289 0.9869900000000137 8
400 101 -10561 46 3846.738901861012 0.9859900000000182 8
500 101 -10088 65 3920.280230253935 0.9849900000000228 8
600 101 -10270 54 3764.6530437469482 0.9839900000000273 8
700 101 -10312 54 3780.1003401875496 0.9829900000000319 8
800 101 -10635 45 2396.2751166522503 0.9819900000000364 8
900 101 -10543 42 2843.1962377130985 0.980990000000041 8
1000 101 -10343 54 3195.969581246376 0.9799900000000455 8
1100 101 -10617 42 2311.7318303883076 0.9789900000000501 8
1200 101 -10195 58 2604.6628217101097 0.9779900000000546 8
1300 101 -9984 67 3023.572953104973 0.9769900000000592 8
1400 101 -10246 58 3181.251228272915 0.9759900000000638 8
1500 101 -10538 45 2672.6863572895527 0.9749900000000683 8
1600 101 -10316 51 2747.193102121353 0.9739900000000729 8
1700 101 -10378 52 2558.6373707056046 0.9729900000000774 8
1800 101 -10041 61 2945.1461995840073 0.971990000000082 8
1900 101 -10165 62 2845.043633699417 0.9709900000000865 8
2000 101 -10154 57 3298.982768237591 0.9699900000000911 8
2100 101 -10417 49 2964.503005504608 0.9689900000000956 8
2200 101 -10495 49 1938.540093779564 0.9679900000001002 8
2300 101 -10261 56 2663.696542739868 0.9669900000001047 8
2400 101 -10510 47 2027.0510864555836 0.9659900000001093 8
2500 101 -10458 48 2891.4060156345367 0.9649900000001138 8
2600 101 -10319 52 2470.0415855646133 0.9639900000001184 8
2700 101 -10200 61 2646.4721215963364 0.9629900000001229 8
2800 101 -10537 46 2270.1076635718346 0.9619900000001275 8
2900 101 -10193 58 2267.7852104902267 0.960990000000132 8
3000 101 -10682 41 2134.221638381481 0.9599900000001366 8
3100 101 -10755 37 1999.2906680703163 0.9589900000001411 8
3200 101 -10556 49 1801.983037084341 0.9579900000001457 8
3300 101 -10800 34 2000.2422696948051 0.9569900000001502 8
3400 101 -10697 40 2082.27828168869 0.9559900000001548 8
3500 101 -10396 54 2225.301063299179 0.9549900000001593 8
3600 101 -10422 47 2466.312534093857 0.9539900000001639 8
3700 101 -10452 54 2685.3551774024963 0.9529900000001684 8
3800 101 -10225 57 2433.544061601162 0.951990000000173 8
3900 101 -10582 41 2150.450033724308 0.9509900000001775 8
4000 101 -10354 55 2663.1643123030663 0.9499900000001821 8
4100 101 -10256 57 2742.1984239816666 0.9489900000001866 8
4200 101 -10527 49 2815.9390468001366 0.9479900000001912 8
4300 101 -10704 41 2289.482043713331 0.9469900000001957 8
4400 101 -10257 54 2448.3097597956657 0.9459900000002003 8
4500 101 -10699 43 1794.7819858193398 0.9449900000002048 8
4600 101 -10486 49 2587.4297835230827 0.9439900000002094 8
4700 101 -10490 48 2334.106788754463 0.9429900000002139 8
4800 101 -10366 57 2718.063197493553 0.9419900000002185 8
4900 101 -10511 50 2382.2809396982193 0.940990000000223 8
5000 101 -10413 51 2618.72244900465 0.9399900000002276 8
5100 101 -10533 47 2064.139017522335 0.9389900000002321 8
5200 101 -10380 51 2673.2678083777428 0.9379900000002367 8
5300 101 -10285 53 2745.963947415352 0.9369900000002412 8
5400 101 -10404 49 2441.043797314167 0.9359900000002458 8
5500 101 -10660 41 1954.196859061718 0.9349900000002503 8
5600 101 -10564 50 2373.7761573791504 0.9339900000002549 8
5700 101 -10254 56 2754.9833211898804 0.9329900000002594 8
5800 101 -10653 40 3344.538795232773 0.931990000000264 8
5900 101 -10821 39 2602.1866958141327 0.9309900000002685 8
6000 101 -10690 40 2886.5727767944336 0.9299900000002731 8
6100 101 -10287 58 2701.049699664116 0.9289900000002776 8
6200 101 -10888 40 2294.447153687477 0.9279900000002822 8
6300 101 -10702 46 2636.3880838155746 0.9269900000002868 8
6400 101 -10365 53 2963.9387797117233 0.9259900000002913 8
6500 101 -10441 54 2960.5846098065376 0.9249900000002959 8
6600 101 -10795 43 2279.02160012722 0.9239900000003004 8
6700 101 -10318 54 2686.815964579582 0.922990000000305 8
6800 101 -10282 58 2433.720816254616 0.9219900000003095 8
6900 101 -10774 42 2111.3705949783325 0.9209900000003141 8
7000 101 -10338 55 2711.1467195749283 0.9199900000003186 8
7100 101 -10376 54 2216.558087527752 0.9189900000003232 8
7200 101 -10677 45 2382.532790660858 0.9179900000003277 8
7300 101 -10725 43 2182.8796790242195 0.9169900000003323 8
7400 101 -10538 51 2306.3239048719406 0.9159900000003368 8
7500 101 -10468 52 2637.7535841464996 0.9149900000003414 8
7600 101 -11000 33 2168.611588358879 0.9139900000003459 8
7700 101 -10659 46 2670.2355052232742 0.9129900000003505 8
7800 101 -10539 52 2877.6829586029053 0.911990000000355 8
7900 101 -10536 53 2465.5345038175583 0.9109900000003596 8
8000 101 -10589 50 2579.8641253709793 0.9099900000003641 8
8100 101 -10448 52 2412.7490931749344 0.9089900000003687 8
8200 101 -10650 49 2333.172130346298 0.9079900000003732 8
8300 101 -10361 58 2196.3489837646484 0.9069900000003778 8
8400 101 -10508 50 2293.723437309265 0.9059900000003823 8
8500 101 -10564 53 2177.4152162075043 0.9049900000003869 8
8600 101 -10892 39 1956.6198494434357 0.9039900000003914 8
8700 101 -10532 55 2684.2269912958145 0.902990000000396 8
8800 101 -10955 36 2162.6534065008163 0.9019900000004005 8
8900 101 -10674 48 2210.2379540205 0.9009900000004051 8
9000 101 -10728 46 2073.198633790016 0.8999900000004096 8
9100 101 -10816 42 1781.7532424926758 0.8989900000004142 8
9200 101 -10762 44 1945.976087808609 0.8979900000004187 8
9300 101 -10780 48 1960.1277809739113 0.8969900000004233 8
9400 101 -10742 46 2505.7958607673645 0.8959900000004278 8
9500 101 -10877 34 2043.7151325941086 0.8949900000004324 8
9600 101 -10857 44 1931.5916746258736 0.8939900000004369 8
9700 101 -10908 38 1711.1842377781868 0.8929900000004415 8
9800 101 -10577 54 2306.127540588379 0.891990000000446 8
9900 101 -10785 47 2055.4813091754913 0.8909900000004506 8
0 101 -142 0 14.986420154571533 0.8999900000000001 8
100 101 -10531 52 2132.482854247093 0.8989900000000046 8
200 101 -10422 58 1693.6132414340973 0.8979900000000092 8
300 101 -10858 43 1576.6324035525322 0.8969900000000137 8
400 101 -10995 38 1622.0738067626953 0.8959900000000183 8
500 101 -10608 51 2246.211866736412 0.8949900000000228 8
600 101 -10973 43 1830.9155801534653 0.8939900000000274 8
700 101 -10570 51 1900.5130468606949 0.8929900000000319 8
800 101 -10813 47 2459.8100838661194 0.8919900000000365 8
900 101 -10597 51 2494.932425260544 0.890990000000041 8
1000 101 -10637 50 1949.5096438527107 0.8899900000000456 8
1100 101 -10598 53 1805.4481501579285 0.8889900000000501 8
1200 101 -10533 54 1726.3624393939972 0.8879900000000547 8
1300 101 -10923 43 2191.696732521057 0.8869900000000592 8
1400 101 -10747 46 1803.6789709329605 0.8859900000000638 8
1500 101 -10736 50 2174.678356528282 0.8849900000000683 8
1600 101 -10888 44 1841.533479809761 0.8839900000000729 8
1700 101 -10906 38 1838.6449143886566 0.8829900000000774 8
1800 101 -10797 49 1877.6356452703476 0.881990000000082 8
1900 101 -10411 60 2292.6282099485397 0.8809900000000865 8
2000 101 -10829 44 2042.7301599383354 0.8799900000000911 8
2100 101 -11094 40 1576.7236026525497 0.8789900000000956 8
2200 101 -11317 32 1462.2225385308266 0.8779900000001002 8
2300 101 -10666 51 1934.2276377677917 0.8769900000001047 8
2400 101 -11009 38 1821.9600140750408 0.8759900000001093 8
2500 101 -10987 38 1504.1905736923218 0.8749900000001138 8
2600 101 -10815 46 1488.7355973124504 0.8739900000001184 8
2700 101 -10973 44 1759.827332675457 0.872990000000123 8
2800 101 -11001 45 2237.3828160762787 0.8719900000001275 8
2900 101 -10782 47 1536.2521025538445 0.870990000000132 8
3000 101 -11162 36 1828.9211166501045 0.8699900000001366 8
3100 101 -10738 49 1999.0543318390846 0.8689900000001411 8
3200 101 -10715 52 1798.4192371368408 0.8679900000001457 8
3300 101 -11192 40 1967.5839251875877 0.8669900000001503 8
3400 101 -10958 46 2021.8857107162476 0.8659900000001548 8
3500 101 -10943 47 1833.1705436110497 0.8649900000001594 8
3600 101 -10950 43 1981.815867215395 0.8639900000001639 8
3700 101 -10830 40 1934.7365293502808 0.8629900000001685 8
3800 101 -11352 31 1809.9921798110008 0.861990000000173 8
3900 101 -11010 43 1746.0220460295677 0.8609900000001776 8
4000 101 -11022 42 1923.0429251790047 0.8599900000001821 8
4100 101 -11126 42 1661.5093274116516 0.8589900000001867 8
4200 101 -10517 54 2162.280968308449 0.8579900000001912 8
4300 101 -10800 50 2066.0473334789276 0.8569900000001958 8
4400 101 -10989 44 1607.7821033000946 0.8559900000002003 8
4500 101 -11092 38 1939.2425807714462 0.8549900000002049 8
4600 101 -10848 50 1588.8307886719704 0.8539900000002094 8
4700 101 -10891 48 1748.3952038288116 0.852990000000214 8
4800 101 -11001 44 1653.8089959025383 0.8519900000002185 8
4900 101 -11362 33 1494.9366202354431 0.8509900000002231 8
5000 101 -11307 33 1401.1409356594086 0.8499900000002276 8
5100 101 -10959 46 1987.0761462450027 0.8489900000002322 8
5200 101 -10893 50 2219.2096178531647 0.8479900000002367 8
5300 101 -10953 48 2500.2660499215126 0.8469900000002413 8
5400 101 -11386 33 1823.72980889678 0.8459900000002458 8
5500 101 -11046 47 2040.543966293335 0.8449900000002504 8
5600 101 -10884 47 2088.2942456007004 0.8439900000002549 8
5700 101 -10923 47 2167.2640269994736 0.8429900000002595 8
5800 101 -11120 44 2049.037756383419 0.841990000000264 8
5900 101 -11356 34 2042.8632542788982 0.8409900000002686 8
6000 101 -11200 40 1968.71534460783 0.8399900000002731 8
6100 101 -11052 44 2001.4201506376266 0.8389900000002777 8
6200 101 -11150 45 2178.390659928322 0.8379900000002822 8
6300 101 -11231 44 1993.319757193327 0.8369900000002868 8
6400 101 -11152 40 2057.7365072369576 0.8359900000002913 8
6500 101 -11116 44 2211.653218984604 0.8349900000002959 8
6600 101 -11397 37 2062.5770568847656 0.8339900000003004 8
6700 101 -11395 34 2065.7535691559315 0.832990000000305 8
6800 101 -11061 41 2355.4221138358116 0.8319900000003095 8
6900 101 -11537 32 1882.0306195616722 0.8309900000003141 8
7000 101 -11222 43 2260.560248732567 0.8299900000003186 8
7100 101 -11357 36 2054.1942443847656 0.8289900000003232 8
7200 101 -11299 36 2167.8102914094925 0.8279900000003277 8
7300 101 -11437 36 1875.7409347891808 0.8269900000003323 8
7400 101 -11441 37 2039.2543736696243 0.8259900000003368 8
7500 101 -10821 51 2295.559827566147 0.8249900000003414 8
7600 101 -11045 40 1914.4047819375992 0.823990000000346 8
7700 101 -11274 50 2154.07823741436 0.8229900000003505 8
7800 101 -11439 34 1688.7135337591171 0.821990000000355 8
7900 101 -11027 48 1838.359373986721 0.8209900000003596 8
8000 101 -11077 47 1804.9812866449356 0.8199900000003641 8
8100 101 -10756 55 2433.9893196821213 0.8189900000003687 8
8200 101 -10862 49 2295.583123922348 0.8179900000003733 8
8300 101 -10744 53 2379.974171459675 0.8169900000003778 8
8400 101 -10850 51 2382.2744888067245 0.8159900000003824 8
8500 101 -10666 54 1973.5234073996544 0.8149900000003869 8
8600 101 -10365 60 2215.158441722393 0.8139900000003915 8
8700 101 -10122 62 2506.753703355789 0.812990000000396 8
8800 101 -10312 61 2325.0779106616974 0.8119900000004006 8
8900 101 -9938 71 2373.26593208313 0.8109900000004051 8
9000 101 -9645 80 2430.805709719658 0.8099900000004097 8
9100 101 -9590 89 2543.7889889478683 0.8089900000004142 8
9200 101 -10075 72 2894.0081310272217 0.8079900000004188 8
9300 101 -9910 76 2397.9524565935135 0.8069900000004233 8
9400 101 -9557 90 2516.873386979103 0.8059900000004279 8
9500 101 -9607 86 2454.4367681741714 0.8049900000004324 8
9600 101 -9539 89 2750.722293138504 0.803990000000437 8
9700 101 -10112 72 2579.858330130577 0.8029900000004415 8
9800 101 -9846 85 2332.7580287456512 0.8019900000004461 8
9900 101 -9593 86 2770.7993710041046 0.8009900000004506 8
0 101 -119 0 21.777769088745117 0.7999900000000001 8
100 101 -9639 85 2738.3535034656525 0.7989900000000046 8
200 101 -9901 82 2691.9472484588623 0.7979900000000092 8
300 101 -10358 62 2016.8231868743896 0.7969900000000137 8
400 101 -9521 86 2705.2489869594574 0.7959900000000183 8
500 101 -10068 73 2926.111227989197 0.7949900000000228 8
600 101 -9944 79 2201.1947100162506 0.7939900000000274 8
700 101 -9672 85 2713.0356888771057 0.792990000000032 8
800 101 -9687 81 1806.8957602977753 0.7919900000000365 8
900 101 -10041 76 2269.809115290642 0.790990000000041 8
1000 101 -10198 64 1689.4229828715324 0.7899900000000456 8
1100 101 -9750 89 2336.0952404737473 0.7889900000000502 8
1200 101 -10066 78 2197.9938760995865 0.7879900000000547 8
1300 101 -10224 70 2305.382304430008 0.7869900000000593 8
1400 101 -9794 75 1948.1216696500778 0.7859900000000638 8
1500 101 -10315 74 2123.228541135788 0.7849900000000684 8
1600 101 -9961 75 1922.0100780129433 0.7839900000000729 8
1700 101 -9927 78 2240.134937465191 0.7829900000000775 8
1800 101 -9713 84 2250.4610701799393 0.781990000000082 8
1900 101 -10570 59 2010.835287451744 0.7809900000000866 8
2000 101 -9968 80 2101.5604985952377 0.7799900000000911 8
2100 101 -9488 99 2298.3472059965134 0.7789900000000957 8
2200 101 -10005 77 2077.7348523139954 0.7779900000001002 8
2300 101 -9929 76 2419.8475155830383 0.7769900000001048 8
2400 101 -10094 74 1916.2226803302765 0.7759900000001093 8
2500 101 -9625 90 2119.3761603832245 0.7749900000001139 8
2600 101 -9874 84 2130.427701115608 0.7739900000001184 8
2700 101 -10200 72 1780.0841211080551 0.772990000000123 8
2800 101 -9830 89 2655.845568418503 0.7719900000001275 8
2900 101 -9869 82 2325.1308323144913 0.7709900000001321 8
3000 101 -9636 85 2324.3658314943314 0.7699900000001366 8
3100 101 -9811 85 2240.2484797239304 0.7689900000001412 8
3200 101 -10019 76 2114.7604746222496 0.7679900000001457 8
3300 101 -9995 73 1814.1992712020874 0.7669900000001503 8
3400 101 -10333 68 2323.6985038518906 0.7659900000001548 8
3500 101 -9888 84 2126.9838902950287 0.7649900000001594 8
3600 101 -9589 90 2159.0062296390533 0.7639900000001639 8
3700 101 -9472 102 2111.1885118484497 0.7629900000001685 8
3800 101 -10184 76 2177.03915309906 0.761990000000173 8
3900 101 -9286 99 1887.919705748558 0.7609900000001776 8
4000 101 -8822 118 2129.5027149915695 0.7599900000001821 8
4100 101 -8972 115 2396.9210699796677 0.7589900000001867 8
4200 101 -7641 155 2685.2038190364838 0.7579900000001912 8
4300 101 -7502 158 2321.5624940395355 0.7569900000001958 8
4400 101 -4961 236 2133.412431359291 0.7559900000002003 8
4500 101 -4834 239 1851.586866259575 0.7549900000002049 8
4600 101 -4533 249 2172.45598757267 0.7539900000002094 8
4700 101 -4633 243 1941.6169419288635 0.752990000000214 8
4800 101 -4262 258 1975.5003576278687 0.7519900000002185 8
4900 101 -4531 252 1809.839872598648 0.7509900000002231 8
5000 101 -4503 253 1695.9293971061707 0.7499900000002276 8
5100 101 -4253 260 2290.244991540909 0.7489900000002322 8
5200 101 -4045 264 2244.379666686058 0.7479900000002367 8
5300 101 -3725 276 2194.9143855571747 0.7469900000002413 8
5400 101 -4390 254 2112.7195616960526 0.7459900000002458 8
5500 101 -3894 271 2552.371642947197 0.7449900000002504 8
5600 101 -3884 270 2872.2358062267303 0.743990000000255 8
5700 101 -4320 254 2765.8771201372147 0.7429900000002595 8
5800 101 -4447 249 2839.662224173546 0.741990000000264 8
5900 101 -3698 278 2942.0945937633514 0.7409900000002686 8
6000 101 -3921 271 2811.382197737694 0.7399900000002732 8
6100 101 -4087 265 3164.738395214081 0.7389900000002777 8
6200 101 -3917 272 2845.2974677085876 0.7379900000002823 8
6300 101 -4067 268 2762.383434176445 0.7369900000002868 8
6400 101 -3932 271 2809.6784267425537 0.7359900000002914 8
6500 101 -4381 253 2451.271075487137 0.7349900000002959 8
6600 101 -3950 270 2897.6829607486725 0.7339900000003005 8
6700 101 -3314 292 2847.210960626602 0.732990000000305 8
6800 101 -3606 279 2967.859450340271 0.7319900000003096 8
6900 101 -3819 274 2647.4326215982437 0.7309900000003141 8
7000 101 -3676 279 2699.201622247696 0.7299900000003187 8
7100 101 -3561 279 2969.209142446518 0.7289900000003232 8
7200 101 -3187 298 2777.994068980217 0.7279900000003278 8
7300 101 -2791 314 3016.7732951641083 0.7269900000003323 8
7400 101 -2958 304 3313.6872787475586 0.7259900000003369 8
7500 101 -3532 285 2992.07668364048 0.7249900000003414 8
7600 101 -3478 285 2651.557601928711 0.723990000000346 8
7700 101 -3298 292 2985.7674674987793 0.7229900000003505 8
7800 101 -3158 299 3104.1779621839523 0.7219900000003551 8
7900 101 -3701 280 2932.9259009361267 0.7209900000003596 8
8000 101 -3672 277 3047.094710946083 0.7199900000003642 8
