cpu
0 101 -120 0 6.1971240639686584 0.98 8
0 101 -127 0 110.6413164138794 0.98999 8
100 101 -10440 47 8473.90129160881 0.9889900000000046 8
200 101 -10157 59 9649.119637072086 0.9879900000000091 8
300 101 -10417 50 8098.738094568253 0.9869900000000137 8
400 101 -10324 52 8102.143490195274 0.9859900000000182 8
500 101 -10166 54 8163.171768724918 0.9849900000000228 8
600 101 -10474 51 7132.81787365675 0.9839900000000273 8
700 101 -10332 52 7236.620796352625 0.9829900000000319 8
800 101 -10286 56 7504.013695210218 0.9819900000000364 8
900 101 -10224 56 7076.3548464775085 0.980990000000041 8
1000 101 -10464 50 6073.381044447422 0.9799900000000455 8
1100 101 -10715 38 3594.2865869402885 0.9789900000000501 8
1200 101 -10527 44 2858.1350038051605 0.9779900000000546 8
1300 101 -10252 54 2788.1885414123535 0.9769900000000592 8
1400 101 -10473 45 2370.142950385809 0.9759900000000638 8
1500 101 -10180 57 2548.8290932178497 0.9749900000000683 8
1600 101 -10651 44 1962.0899591743946 0.9739900000000729 8
1700 101 -10442 50 2740.0645117759705 0.9729900000000774 8
1800 101 -10336 52 2419.8167939186096 0.971990000000082 8
1900 101 -10384 54 2327.7173025608063 0.9709900000000865 8
2000 101 -10439 51 2989.6244118213654 0.9699900000000911 8
2100 101 -10178 56 2150.49168241024 0.9689900000000956 8
2200 101 -10081 59 2396.7817057967186 0.9679900000001002 8
2300 101 -10140 59 2196.549649834633 0.9669900000001047 8
2400 101 -10636 44 1893.8697537183762 0.9659900000001093 8
2500 101 -9906 71 2699.4973066449165 0.9649900000001138 8
2600 101 -10089 62 2059.1842601299286 0.9639900000001184 8
2700 101 -10341 51 2551.9503160119057 0.9629900000001229 8
2800 101 -10269 55 2385.2412079572678 0.9619900000001275 8
2900 101 -10535 44 2068.8640588521957 0.960990000000132 8
3000 101 -10106 61 2718.0982719659805 0.9599900000001366 8
3100 101 -10349 51 2473.170672118664 0.9589900000001411 8
3200 101 -10357 52 1982.8329803347588 0.9579900000001457 8
3300 101 -10573 43 2415.674393415451 0.9569900000001502 8
3400 101 -10331 53 2442.04996240139 0.9559900000001548 8
3500 101 -10270 52 2564.22195148468 0.9549900000001593 8
3600 101 -10675 41 2368.0740562677383 0.9539900000001639 8
3700 101 -10661 43 2253.322195649147 0.9529900000001684 8
3800 101 -10748 37 2380.254046678543 0.951990000000173 8
3900 101 -10275 55 2558.2110781669617 0.9509900000001775 8
4000 101 -10598 44 2128.8641030192375 0.9499900000001821 8
4100 101 -10415 52 2337.304212450981 0.9489900000001866 8
4200 101 -10457 50 2329.722221314907 0.9479900000001912 8
4300 101 -10534 50 2301.783165037632 0.9469900000001957 8
4400 101 -10652 44 2336.738839864731 0.9459900000002003 8
4500 101 -10565 47 2433.3192682266235 0.9449900000002048 8
4600 101 -10349 54 2516.144415974617 0.9439900000002094 8
4700 101 -10242 59 3081.5856416225433 0.9429900000002139 8
4800 101 -10453 46 2361.7472220659256 0.9419900000002185 8
4900 101 -10674 43 2459.582071274519 0.940990000000223 8
5000 101 -10444 50 2797.497599720955 0.9399900000002276 8
5100 101 -10437 54 2156.3068776726723 0.9389900000002321 8
5200 101 -10296 58 2626.5146265625954 0.9379900000002367 8
5300 101 -10552 47 2229.5043370723724 0.9369900000002412 8
5400 101 -10168 59 2489.1180203557014 0.9359900000002458 8
5500 101 -10768 42 2396.9291548132896 0.9349900000002503 8
5600 101 -10395 55 2740.8069303035736 0.9339900000002549 8
5700 101 -10420 55 2912.697602391243 0.9329900000002594 8
5800 101 -10440 52 2418.906331896782 0.931990000000264 8
5900 101 -10488 50 2481.9625028967857 0.9309900000002685 8
6000 101 -10906 37 1789.5024649202824 0.9299900000002731 8
6100 101 -10815 44 2043.1409641504288 0.9289900000002776 8
6200 101 -10552 49 2109.2456108927727 0.9279900000002822 8
6300 101 -10356 56 2613.3275208473206 0.9269900000002868 8
6400 101 -10332 57 2798.0478920936584 0.9259900000002913 8
6500 101 -10739 44 2473.6979550123215 0.9249900000002959 8
6600 101 -10928 37 1787.7288187742233 0.9239900000003004 8
6700 101 -10550 51 2418.7301594614983 0.922990000000305 8
6800 101 -10587 50 2027.526056587696 0.9219900000003095 8
6900 101 -10650 46 1920.9204975366592 0.9209900000003141 8
7000 101 -10390 59 2148.7876164913177 0.9199900000003186 8
7100 101 -10538 51 2547.8184319734573 0.9189900000003232 8
7200 101 -10583 50 2962.580775499344 0.9179900000003277 8
7300 101 -10906 42 2221.6808683872223 0.9169900000003323 8
7400 101 -10885 42 2308.6706265211105 0.9159900000003368 8
7500 101 -10603 46 2671.5033094882965 0.9149900000003414 8
7600 101 -11064 35 2048.127777159214 0.9139900000003459 8
7700 101 -10380 54 2220.4995516240597 0.9129900000003505 8
7800 101 -10737 45 2817.9338504076004 0.911990000000355 8
7900 101 -10860 39 2166.379383802414 0.9109900000003596 8
8000 101 -10922 38 1716.5252838432789 0.9099900000003641 8
8100 101 -10889 37 2057.311170756817 0.9089900000003687 8
8200 101 -10419 55 2386.5264106988907 0.9079900000003732 8
8300 101 -10670 51 2293.9449375271797 0.9069900000003778 8
8400 101 -10874 40 1850.3349084854126 0.9059900000003823 8
8500 101 -10590 49 2166.6705020070076 0.9049900000003869 8
8600 101 -10647 51 1791.726388990879 0.9039900000003914 8
8700 101 -11030 38 2221.7086651325226 0.902990000000396 8
8800 101 -10357 57 2363.927517950535 0.9019900000004005 8
8900 101 -10544 51 2851.3581408262253 0.9009900000004051 8
9000 101 -10868 41 2011.5028693675995 0.8999900000004096 8
9100 101 -10579 51 2684.1686408519745 0.8989900000004142 8
9200 101 -10939 42 1999.6818062067032 0.8979900000004187 8
9300 101 -10606 54 2431.730485677719 0.8969900000004233 8
9400 101 -10707 47 2347.8622176647186 0.8959900000004278 8
9500 101 -10532 55 2323.947705447674 0.8949900000004324 8
9600 101 -10700 46 2120.2525278925896 0.8939900000004369 8
9700 101 -10922 44 2337.2940587103367 0.8929900000004415 8
9800 101 -10987 42 2332.5788098573685 0.891990000000446 8
9900 101 -10842 46 2416.257991671562 0.8909900000004506 8
0 101 -123 0 14.979044437408447 0.8999900000000001 8
100 101 -11018 40 1951.0812113285065 0.8989900000000046 8
200 101 -10619 49 2178.797771155834 0.8979900000000092 8
300 101 -10952 41 2192.0559688210487 0.8969900000000137 8
400 101 -10756 48 2200.1710143089294 0.8959900000000183 8
500 101 -11004 38 2237.946227788925 0.8949900000000228 8
600 101 -11089 34 2572.707286119461 0.8939900000000274 8
700 101 -10319 61 2825.2262241840363 0.8929900000000319 8
800 101 -10757 46 2247.389591872692 0.8919900000000365 8
900 101 -10523 54 2568.5903704166412 0.890990000000041 8
1000 101 -10712 50 2532.297376036644 0.8899900000000456 8
1100 101 -11022 36 2139.9908270835876 0.8889900000000501 8
1200 101 -10845 45 2613.4920098781586 0.8879900000000547 8
1300 101 -10819 43 2508.930092215538 0.8869900000000592 8
1400 101 -10633 48 2806.1323323249817 0.8859900000000638 8
1500 101 -10987 38 2172.3400638103485 0.8849900000000683 8
1600 101 -10798 47 2122.186779975891 0.8839900000000729 8
1700 101 -10781 44 2244.047522544861 0.8829900000000774 8
1800 101 -10429 58 2459.6169986724854 0.881990000000082 8
1900 101 -10633 51 2481.0998361110687 0.8809900000000865 8
2000 101 -10619 55 2732.2178057432175 0.8799900000000911 8
2100 101 -10848 41 2695.4191570281982 0.8789900000000956 8
2200 101 -10869 46 2435.196437239647 0.8779900000001002 8
2300 101 -11019 38 2541.633296608925 0.8769900000001047 8
2400 101 -11007 40 2536.5818029642105 0.8759900000001093 8
2500 101 -10351 64 2650.596974492073 0.8749900000001138 8
2600 101 -10823 46 3129.362122297287 0.8739900000001184 8
2700 101 -10878 47 2498.3519055843353 0.872990000000123 8
2800 101 -10734 48 2331.965929865837 0.8719900000001275 8
2900 101 -10883 43 2362.005550265312 0.870990000000132 8
3000 101 -10696 52 2560.4154398441315 0.8699900000001366 8
3100 101 -11074 42 2063.1781012415886 0.8689900000001411 8
3200 101 -10951 46 2254.5780638456345 0.8679900000001457 8
3300 101 -10930 42 2269.0744738578796 0.8669900000001503 8
3400 101 -10847 43 2354.1017082333565 0.8659900000001548 8
3500 101 -10812 50 2292.5945155620575 0.8649900000001594 8
3600 101 -10947 42 2253.269728600979 0.8639900000001639 8
3700 101 -11032 43 2303.036738038063 0.8629900000001685 8
3800 101 -10757 47 2035.6099182963371 0.861990000000173 8
3900 101 -11195 38 2030.8034643530846 0.8609900000001776 8
4000 